53502011  8  1954
53110013  8  1962
03521520  8  1970
02515013  8  1978
02525320  8  1986
03255202  8  1994
03051300  8  2002
53021230  8  2010
55112150  8  2018
02255203  8  2026
53120131  8  2034
53011050  8  2042
23211523  8  2050
53502101  8  2058
53201013  8  2066
53200003  8  2074
53102005  8  2082
53210510  8  2090
50025052  8  2098
50512512  8  2106
53022520  8  2114
53110103  8  2122
52022350  8  2130
53120150  8  2138
52222552  8  2146
03125052  8  2154
50120055  8  2162
53020005  8  2170
63021110  6  2176
56112022  6  2182
62115002  6  2188
62220051  6  2194
56211202  6  2200
63020100  6  2206
63020010  6  2212
00022505  4  2216
02252025  4  2220
50202150  4  2224
52015001  4  2228
03050000  4  2232
