02206662  27  27
02306622  18  45
52206422  12  57
02204063  12  69
52204032  8  77
52200423  8  85
02304023  8  93
02300432  8  101
52300422  8  109
02400523  8  117
02450422  8  125
01206422  6  131
02401023  4  135
02252422  4  139
52210422  4  143
02200233  4  147
01300422  4  151
02202523  4  155
52200232  4  159
01200432  4  163
02210423  4  167
52204122  4  171
02302402  4  175
02210432  4  179
02201223  2  181
11200422  2  183
02220032  2  185
12000032  2  187
02212032  2  189
02100223  2  191
12302022  2  193
02110422  2  195
12202023  2  197
02300102  2  199
02211422  2  201
02002412  2  203
02000003  2  205