00020020
00020220
00022020
00020120
00021020
00220020
00022220
00120020
00021220
00220220
00022120
00222020
00000020
00120220
00021120
00220120
00221020
00010020
00122020
00222220
00000220
00120120
00121020
00002020
00221220
00010220
00122220
00222120
00000120
00001020
00012020
00121220
00200020
00002220
00221120
00010120
00122120
00011020
00020022
00210020
00100020
00001220
00012220
00121120
00200220
00020021
00002120
00110020
00011220
00202020
00020222
00210220
00100220
00001120
00012120
00022022
00200120
00020221
00201020
00212020
00102020
00110220
00011120
00202220
00022021
00020122
00021022
00210120
00211020
00100120
00101020
00112020
00220022
00022222
00020121
00201220
00212220
00021021
00102220
00110120
00111020
00220021
00202120
00022221
00120022
00021222
00211220
00101220
00112220
00220222
00022122
00120021
00201120
00212120
00021221
00102120
00111220
00222022
00000022
00220221
00022121
00120222
00021122
00211120
00101120
00112120
00222021
00220122
00000021
00221022
00010022
00122022
00120221
00021121
00111120
00222222
00000222
00220121
00221021
00010021
00122021
00120122
00121022
00002022
00222221
00000221
00221222
00010222
00122222
00120121
00121021
02020020
00222122
00002021
00000122
00001022
00012022
00221221
01020020
00010221
00122221
00121222
00200022
00002222
00222121
00000121
00221122
00001021
00012021
00010122
00122122
00011022
00121221
00200021
02020220
00210022
00002221
00100022
00001222
00012222
00221121
01020220
00010121
00122121
00011021
00121122
00200222
02022020
00210021
00002122
00100021
01022020
00001221
00012221
00110022
00011222
00121121
00202022
00200221
02020120
00210222
00002121
02021020
00100222
00001122
00012122
01020120
00110021
01021020
00011221
02220020
00202021
00200122
02022220
00201022
00212022
01220020
00210221
00102022
00100221
01022220
00001121
00012121
00110222
00011122
00202222
00200121
00201021
00212021
02120020
00210122
00102021
02021220
00211022
00100122
00101022
00112022
01120020
00110221
01021220
00011121
02220220
00202221
02022120
00201222
00212222
01220220
00210121
00102222
00211021
00100121
01022120
00101021
00112021
00110122
00111022
02222020
02000020
00202122
01222020
00201221
00212221
01000020
02120220
00102221
02021120
00211222
00101222
00112222
01120220
00110121
01021120
00111021
02220120
00202121
02221020
02010020
02122020
00201122
00212122
01220120
00102122
01221020
00211221
01010020
01122020
00101221
00112221
00111222
02222220
01222220
00201121
00212121
01000220
02120120
00102121
02121020
00211122
00101122
00112122
01120120
01121020
00111221
02002020
02221220
02010220
01002020
02122220
01221220
00211121
01010220
01122220
00101121
00112121
00111122
02222120
02000120
02001020
02012020
01222120
01000120
01001020
02121220
01012020
01121220
00111121
02200020
02002220
01200020
02221120
02010120
01002220
02122120
02011020
01221120
01010120
01122120
01011020
02210020
01020022
02100020
02001220
02012220
01210020
01100020
01001220
02121120
01012220
01121120
02200220
02020021
02002120
01200220
01020021
02110020
01002120
02011220
01110020
01011220
02202020
02210220
01202020
01020222
02100220
02001120
02012120
01210220
01100220
01001120
01012120
02022022
02200120
02020221
02201020
02212020
01022022
02102020
01200120
01020221
01201020
01212020
02110220
01102020
02011120
01110220
01011120
02202220
02022021
02021022
02210120
01202220
01022021
02211020
01020122
02100120
01021022
02101020
02112020
01210120
01211020
01100120
01101020
01112020
02220022
01220022
02020121
02201220
02212220
02021021
01022222
02102220
01020121
01201220
01212220
01021021
02110120
01102220
02111020
01110120
02220021
01111020
02202120
02022221
02120022
01220021
01202120
01022221
02211220
01120022
01021222
02101220
02112220
01211220
01101220
01112220
02022122
01220222
02120021
02201120
02212120
02021221
01022122
02102120
01120021
01201120
01212120
01021221
01102120
02111220
02222022
02220221
01111220
01222022
02022121
01000022
01220221
02021122
01022121
01120222
02211120
01021122
02101120
02112120
01211120
01101120
01112120
02222021
02000021
02221022
02122022
01222021
01220122
01000021
02120221
01221022
02021121
01010022
01122022
01120221
01021121
02111120
02222222
02220121
01111120
02221021
01222222
02010021
02122021
02120122
01220121
02121022
01221021
01010021
01122021
01120122
01121022
02002022
02222221
02221222
01002022
02122222
01222221
01000221
02120121
01221222
02121021
01010222
01122222
01120121
01121021
02222122
02002021
02001022
02012022
02221221
01222122
02010221
01002021
02122221
01000122
01001022
02121222
01012022
01221221
01010221
01122221
01121222
02222121
01200022
02000121
02221122
02001021
02012021
01002222
02122122
01222121
02011022
01000121
01221122
01001021
02121221
01012021
01010122
01122122
01011022
01121221
02200021
02210022
02002221
01200021
02221121
01210022
02010121
01002221
02122121
01100022
02011021
01001222
02121122
01012222
01221121
01010121
01122121
01011021
01121122
02210021
02002122
01200222
02100021
02001221
02012221
02110022
01210021
01002122
01100021
01001221
02121121
01012221
01110022
01011222
01121121
02202022
02200221
01202022
02002121
01200221
02012122
01210222
02110021
01002121
01100222
02011221
01001122
01012122
01110021
01011221
02202021
02201022
02212022
02210221
02102022
01202021
01200122
02100221
01201022
01212022
02001121
02012121
01210221
01102022
02011122
01100221
01001121
01012121
01110222
01011122
02200121
02201021
02212021
02210122
01202222
02102021
02211022
01200121
02101022
02112022
01201021
01212021
01210122
02110221
01102021
01211022
01100122
02011121
01101022
01112022
01110221
01011121
02202221
02212222
02210121
01202221
02211021
02100121
01201222
01212222
02101021
02112021
02110122
01210121
01102222
02111022
01211021
01100121
01101021
01112021
01110122
01111022
02202122
02201221
02212221
01202122
02102221
02211222
02112222
01201221
01212221
02110121
01102221
01211222
02111021
01101222
01112222
01110121
01111021
02202121
02201122
02212122
02102122
01202121
02211221
01201122
01212122
02101221
02112221
01102122
02111222
01211221
01101221
01112221
01111222
02201121
02212121
02102121
02211122
02101122
02112122
01201121
01212121
01102121
01211122
02111221
01101122
01112122
01111221
02211121
02101121
02112121
02111122
01211121
01101121
01112121
01111122
02111121
01111121
10020020
00020000
20020020
10020220
00020010
10022020
00020200
20020220
00022000
10020120
00020210
10021020
20022020
10220020
10022220
00020100
00022010
00021000
20020120
20021020
00220000
00022200
10120020
00020110
10021220
20220020
00021010
20022220
10220220
00220010
10022120
00120000
00022210
00021200
20120020
20021220
10222020
00220200
10000020
00022100
10120220
00120010
10021120
20220220
00021210
20022120
00222000
00000000
10220120
00220210
10221020
10010020
10122020
00120200
00022110
20222020
00021100
20000020
20120220
20021120
10222220
00220100
00222010
10000220
00000010
00221000
00010000
00122000
10120120
00120210
10121020
20220120
00021110
20221020
20010020
20122020
00222200
10002020
00000200
00220110
10221220
00221010
10010220
10122220
00010010
00120100
00122010
20222220
00121000
20120120
20121020
00002000
10222120
00222210
10000120
00000210
00221200
10001020
10012020
00010200
00122200
00120110
20002020
10121220
00121010
20221220
20010220
20122220
10200020
00222100
10002220
00000100
00002010
00001000
00012000
10221120
00221210
10010120
10122120
00010210
00122210
10011020
20222120
00121200
20000120
20001020
20012020
00200000
20121220
10210020
00002200
00222110
10100020
00000110
00221100
10001220
10012220
20200020
00010100
00001010
00012010
00122100
00011000
20002220
10121120
00121210
20221120
20010120
20122120
20011020
00020002
10200220
10020021
00200010
00210000
10002120
00100000
00002210
00001200
00012200
00221110
10110020
00010110
00122110
10011220
20210020
00011010
00121100
20100020
20001220
20012220
10202020
00200200
00020001
20121120
00020012
10210220
00002100
00210010
10100220
00100010
10001120
20200220
10012120
00110000
00001210
00012210
20020021
00011200
20002120
00121110
20110020
00202000
20011220
10022022
10200120
10020221
00200210
00020011
10201020
10212020
00210200
10102020
00100200
00002110
20202020
00001100
00012100
10110220
00110010
10011120
20210220
00011210
20100220
20001120
20012120
00022002
10202220
00200100
10022021
00202010
00020201
00020212
00201000
00212000
10021022
10210120
00102000
00210210
10211020
10100120
00100210
20022022
10101020
10112020
20200120
00110200
00001110
20020221
00012110
20201020
20212020
00011100
20102020
10220022
20110220
00202200
20011120
00022001
10022222
00020102
00022012
10020121
00200110
00021002
00020211
10201220
10212220
00210100
10021021
00201010
00212010
10102220
00211000
00100100
00102010
20202220
00101000
00112000
20022021
10110120
00110210
20021022
10111020
20210120
00011110
20211020
20100120
00220002
20101020
10220021
20112020
00022202
10202120
10022221
00202210
00020101
10120022
00022011
00020112
00201200
00212200
00021001
10021222
00021012
00102200
00210110
10211220
00211010
00100110
10101220
10112220
00110100
00101010
00112010
20020121
20201220
20212220
00111000
20021021
20102220
00220001
00220012
20110120
00202100
20111020
00022201
10022122
00120002
00022212
10120021
00021202
00020111
10201120
10212120
10021221
00201210
00212210
20220021
00021011
10102120
00211200
00102210
20202120
00101200
00112200
20022221
20120022
00110110
10111220
00111010
20211220
10222022
20101220
10220221
20112220
00220011
00022102
10022121
00202110
00120001
00022211
00120012
00201100
00212100
00021201
10021122
00021212
00102100
10211120
00211210
20022122
10101120
10112120
00101210
00112210
20120021
20201120
20212120
00111200
20021221
20102120
00222002
10222021
00220201
10220122
10000021
00220212
10221022
20111220
00022101
10122022
00120202
00022112
10120221
20222022
00021102
00120011
10021121
00201110
20220221
00212110
00021211
00211100
00102110
00101100
00112100
20022121
20021122
10111120
00111210
20211120
00222001
10222222
00220102
00222012
00000001
20101120
10220121
20112120
00000012
00221002
00220211
10221021
00010002
00122002
10010021
10122021
00120201
10120122
00022111
00120212
20222021
00021101
10121022
00021112
20000021
20221022
00211110
20122022
00101110
20120221
00112110
00111100
20021121
00222202
10002022
10222221
00220101
00222011
00220112
00000011
00221001
10221222
00221012
00010001
20111120
00122001
10122222
00010012
00120102
00122012
10120121
20222222
00121002
00120211
10121021
20220121
00021111
20221021
20010021
20122021
20121022
00111110
00002002
00222201
10222122
10002021
00222212
00000201
00000212
00221202
00220111
10001022
10012022
10221221
00122202
00221011
10010221
10122221
00010011
00120101
00122011
00120112
20002022
20222221
00121001
10121222
00121012
20221222
20122222
20120121
20121021
00222102
00002001
10222121
00002012
00222211
10000121
00001002
00012002
00000211
00221201
10221122
10001021
00221212
10012021
00010201
00122201
10122122
00010212
00122212
10011022
20222122
00121202
00120111
20002021
10121221
00121011
20001022
20012022
20221221
20010221
20122221
00200002
20121222
10200021
10210022
00002202
02020010
00222101
10002221
00222112
00000101
00002011
00000112
00221102
00001001
00012001
10012222
10221121
00010102
00001012
00012012
00221211
00122102
01020010
10010121
00011002
10122121
00010211
00122211
10011021
20222121
00121201
10121122
00121212
20000121
20221122
20001021
20012021
20122122
20011022
00200001
00200012
20121221
00210002
10210021
00002201
10002122
00100002
00002212
00222111
10100021
00012202
00000111
11022020
00221101
10001221
00221112
10012221
20200021
00010101
10110022
00001011
00012011
00122101
00010112
00122112
00011001
10011222
20210022
00011012
00121102
20002221
10121121
00121211
20221121
20010121
20122121
10202022
20011021
10200221
20121122
00200011
00210001
00002102
00210012
10002121
00100001
00002211
01022000
00100012
00001201
10001122
00012201
10012122
00110002
00001212
00012212
00221111
01020210
10110021
00011202
11021020
00010111
00122111
10011221
20210021
00011011
00121101
00121112
20100021
21022020
20001221
20012221
20110022
00202002
10202021
00200201
00200212
20121121
10201022
10212022
00210202
02022010
10210221
00002101
10102022
00210011
00002112
10100221
20202022
00001102
00012102
00100011
01022010
10001121
20200221
10012121
00110001
00001211
00012211
01021000
00110012
00011201
10011122
00011212
20002121
00121111
20012122
20110021
21021020
00202001
10202222
00200102
20011221
00202012
10200121
00201002
00212002
00200211
01220000
10201021
10212021
00210201
10210122
00102002
00210212
10102021
00100201
10211022
00002111
02021010
01022200
00100212
20202021
00001101
10101022
00012101
10112022
00110202
11120020
00001112
00012112
01020110
10110221
20201022
20212022
00011102
00110011
01021010
10011121
20210221
20102022
00011211
20100221
20001121
20012121
00202202
02220010
20011122
10202221
00200101
00202011
00200112
00201001
10201222
00212001
10212222
00210102
02022210
00201012
00212012
01220010
10210121
00102001
10102222
00211002
00100102
00210211
00102012
10211021
10100121
00101002
00112002
00100211
11022120
01120000
01022210
10101021
10112021
20200121
00110201
10110122
00001111
00012111
01021200
00110212
20201021
20212021
00011101
10111022
00011112
20102021
20211022
20101022
20112022
20110221
00202201
10202122
20011121
00202212
00201202
00212202
00200111
11222020
10201221
10212221
00210101
00102202
00201011
00212011
02120010
00210112
10102221
00211001
00100101
10211222
00102011
02021210
00211012
01022100
00100112
20202221
00101001
10101222
00112001
10112222
00110102
00101012
00112012
01120010
10110121
20212222
00111002
11021120
00110211
01021210
10111021
20210121
00011111
20211021
20100121
21022120
02222000
20101021
20112021
20110122
00202102
20111022
10202121
00202211
01222000
00201201
10201122
00212201
10212122
02022110
00201212
00212212
01220210
00102201
10102122
00211202
11221020
00210111
00102212
10211221
20202122
00101202
00112202
00211011
00100111
11122020
01022110
10101221
10112221
00110101
00101011
00112011
21222020
01021100
00110112
20201221
20212221
00111001
10111222
00111012
20102221
20211222
20112222
20110121
02222010
00202101
02221000
20111021
00202112
02122000
00201102
00212102
11222220
01220100
01222010
10201121
10212121
00201211
00102102
00212211
01000010
01221000
10102121
00211201
10211122
00102211
02021110
00211212
01122000
20202121
00101201
10101122
00112201
10112122
00101212
00112212
01120210
20201122
20212122
00111202
11121020
00110111
01021110
10111221
20102122
00111011
21221020
20211221
21122020
20101221
20112221
02220110
20111222
00202111
02221010
01222200
11002020
00201101
02010010
00212101
02122010
00201112
00212112
01220110
00102101
02121000
00211102
11221220
00102112
01221010
10211121
00101102
00211211
00112102
11122220
01010010
01120100
01122010
10101121
10112121
00101211
00112211
01121000
20201121
20212121
00111201
10111122
00111212
20102121
20211122
20101122
20112122
02222210
21121020
20111221
01002000
11222120
01222210
00201111
00212111
01000210
01221200
02120110
11001020
11012020
00211101
00102111
02121010
01122200
00211112
00101101
00112101
00101112
00112112
01120110
00111102
11121220
01121010
10111121
00111211
20211121
02222100
20101121
20112121
02002010
20111122
02221210
01222100
01002010
02122210
01001000
01012000
11221120
01221210
11010120
00211111
11122120
01010210
22001020
22012020
01122210
11011020
00101111
00112111
21222120
01121200
21000120
00111101
02200000
00111112
12020022
21001020
22121220
21012020
12210020
02002200
01200000
02222110
11020022
12100020
21121220
02000110
02221100
20111121
12001220
12012220
22200020
02010100
02001010
02012010
11210020
01002200
02122100
02011000
01222110
11100020
01000110
01221100
22002220
11001220
12121120
11012220
21200020
01010100
01001010
02121210
01012010
01122100
22221120
01011000
22010120
21002220
22122120
11121120
22011020
01121210
02020002
12200220
00111111
21221120
12020021
02200010
21010120
21122120
02210000
21011020
12002120
01020002
02100000
02002210
11200220
11020021
01200010
02001200
02012200
01210000
22020022
02221110
12110020
11002120
02010110
01100000
01002210
02122110
12011220
22210020
02011010
01001200
02121100
01012200
21020022
22100020
01221110
11110020
01010110
22001220
22012220
01122110
11011220
21210020
01011010
01121100
21100020
12202020
02200200
02020001
12020222
21001220
22121120
21012220
02020012
12210220
02002100
11202020
02210010
01200200
01020001
11020222
12100220
21121120
01020012
02100010
12001120
22200220
12012120
02110000
02001210
02012210
11210220
22020021
01002100
01210010
02011200
11100220
01100010
22002120
11001120
21200220
11012120
01110000
01001210
02121110
01012210
21020021
01011200
22110020
21002120
02202000
22011220
01121110
12022022
02020202
12200120
12020221
02200210
02020011
21110020
12201020
12212020
02210200
01202000
21011220
11022022
12102020
01020202
02100200
02002110
11200120
11020221
01200210
22202020
02001100
02012100
01020011
11201020
11212020
01210200
22020222
12110220
11102020
02110010
01100200
01002110
12011120
22210220
21202020
02011210
01001100
01012100
21020222
22100220
11110220
01110010
22001120
22012120
11011120
21210220
01011210
02022002
21100220
12202220
02200100
12022021
02202010
02020201
12020122
21001120
21012120
02020212
02201000
02212000
12021022
12210120
01022002
02102000
11202220
02210210
01200100
11022021
01202010
01020201
12211020
11020122
12100120
01020212
02100210
01201000
01212000
22022022
11021022
12101020
12112020
22200120
02110200
02001110
22020221
02012110
11210120
01102000
01210210
22201020
22212020
02011100
11211020
11100120
01100210
21022022
22102020
11101020
11112020
21200120
01110200
01001110
21020221
01012110
12220022
21201020
21212020
01011100
22110220
21102020
02202200
22011120
02022001
12022222
02020102
02022012
11220022
12020121
02200110
02021002
02020211
21110220
12201220
12212220
02210100
12021021
02201010
02212010
01202200
21011120
01022001
11022222
12102220
02211000
01020102
02100100
01022012
02102010
11020121
01200110
22202220
01021002
02101000
02112000
01020211
11201220
11212220
22022021
01210100
22020122
11021021
01201010
01212010
12110120
11102220
02110210
01211000
01100100
22021022
01102010
12111020
22210120
21202220
02011110
01101000
01112000
21022021
22211020
21020122
22100120
02220002
11110120
01110210
21021022
22101020
12220021
22112020
11111020
21210120
01011110
02022202
21211020
21100120
12202120
01220002
12022221
02202210
02020101
12120022
21101020
02022011
11220021
21112020
02020112
02201200
02212200
02021001
12021222
22220022
02021012
01022202
02102200
11202120
02210110
11022221
01202210
01020101
12211220
11120022
01022011
02211010
01020112
01201200
02100110
01212200
22022222
01021001
11021222
12101220
12112220
21220022
02110100
01021012
02101010
02112010
22020121
01102200
01210110
22201220
22212220
02111000
11211220
22021021
01211010
01100110
21022222
22102220
11101220
11112220
01110100
01101010
01112010
21020121
02220001
12220222
21201220
21212220
01111000
02220012
21021021
22110120
21102220
02202100
22111020
02022201
12022122
02120002
01220001
02022212
11220222
01220012
12120021
02021202
02020111
21110120
12201120
12212120
12021221
02201210
02212210
22220021
01202100
02021011
21111020
01022201
11022122
12102120
02211200
01120002
01022212
02102210
11120021
22202120
01021202
02101200
02112200
01020111
11201120
22022221
11212120
22120022
11021221
01201210
01212210
21220021
01021011
11102120
01211200
02110110
22021222
01102210
12111220
21202120
02111010
01101200
01112200
21022221
22211220
21120022
12222022
02220202
12000022
01110110
21021222
22101220
12220221
22112220
11111220
02220011
01111010
02022102
21211220
11222022
01220202
12022121
02202110
02120001
11000022
12120222
21101220
02022211
11220221
21112220
02120012
02201100
02212100
01220011
02021201
12021122
22220222
02021212
01022102
02102100
11022121
01202110
01120001
11120222
12211120
01022211
02211210
01120012
01201100
01212100
22022122
01021201
11021122
12101120
21220222
12112120
01021212
02101210
02112210
22120021
01102100
22201120
22212120
02111200
22021221
11211120
01211210
21022122
22102120
11101120
02222002
11112120
01101210
01112210
21120021
02000002
12222021
02220201
12220122
21201120
21212120
01111200
12000021
02220212
21021221
12221022
21102120
01222002
12010022
22111220
02022101
12122022
01000002
11222021
02120202
01220201
02022112
11220122
11000021
01220212
12120221
22222022
02021102
02120011
11221022
22000022
12021121
02201110
22220221
02212110
11010022
02021211
21111220
01022101
11122022
01120202
02211100
01022112
02102110
11120221
21222022
01021102
02101100
02112100
01120011
22022121
21000022
22120222
11021121
01201110
21220221
01212110
01021211
01211100
22021122
01102110
12111120
02111210
01101100
01112100
21022121
21120222
22211120
02222001
12222222
02220102
02222012
02000001
12000222
21021122
22101120
12220121
22112120
02000012
02221002
11111120
02220211
01111210
12221021
02010002
02122002
21211120
01222001
11222222
12010021
01220102
01222012
12122021
01000001
02120201
11000222
12120122
21101120
02022111
11220121
21112120
01000012
02120212
01221002
01220211
22222021
02021101
12121022
22220122
11221021
01010002
02021112
22000021
01122002
11010021
22221022
11122021
01120201
11120122
01022111
22010022
01120212
02211110
22122022
21222021
01021101
11121022
21220122
01021112
02101110
21000021
22120221
02112110
21221022
02111100
22021121
21010022
01211110
21122022
02222202
01101110
12002022
21120221
01112110
02000202
12222221
02220101
02222011
01111100
12000221
02220112
21021121
02000011
02221001
12221222
02221012
01222202
02010001
12010222
22111120
02122001
11002022
12122222
02010012
01000202
11222221
02120102
01220101
02122012
01222011
11000221
01220112
12120121
22222222
02121002
01000011
02120211
01221001
11221222
22000222
01221012
12121021
22220121
01010001
11010222
02021111
21111120
01122001
11122222
01010012
01120102
01122012
22221021
11120121
21222222
01121002
22010021
01120211
22122021
21000222
22120122
11121021
21220121
01021111
22121022
21221021
02111110
21010021
21122021
02002002
21120122
02222201
12222122
12002021
02222212
02000201
12000122
21121022
02000212
02221202
02220111
12001022
01111110
12012022
12221221
02010202
01002002
02122202
02221011
01222201
11222122
12010221
11002021
01222212
12122221
02010011
01000201
02120101
11000122
02122011
01000212
01221202
02120112
22002022
01220111
22222221
02121001
11001022
12121222
11012022
11221221
01010202
02121012
22000221
01122202
01221011
11010221
22221222
11122221
01010011
01120101
01122011
22010222
01120112
21002022
22122222
21222221
01121001
11121222
01121012
21000221
22120121
12200022
21221222
22121021
21010222
21122222
02222102
02002001
12002222
21120121
02000102
12222121
02002012
11200022
02222211
12000121
21121021
02001002
02012002
02000211
02221201
12221122
12001021
02221212
12012021
01222102
02010201
12010122
01002001
02122201
11002222
12122122
02010212
01000102
11222121
01002012
02122212
01222211
12011022
11000121
01001002
22222122
02121202
01012002
01000211
01221201
02120111
11221122
22002021
22000122
11001021
01221212
12121221
11012021
01010201
11010122
02121011
01122201
11122122
01010212
22001022
22012022
01122212
22221221
11011022
21222122
01121202
22010221
01120111
21002021
22122221
21000122
11121221
02200002
01121011
21001022
22121222
12200021
21012022
21221221
21010221
21122221
12210022
02002202
02222101
01200002
12002221
02222112
02000101
12100022
21121222
02002011
11200021
02000112
02221102
02001001
12001222
02012001
12012222
22200022
12221121
02010102
02001012
02012012
11210022
01002202
02221211
02122102
01222101
12010121
11002221
02011002
01222112
12122121
02010211
01000101
11100022
01002011
02122211
12011021
01000112
01221102
22002222
01001001
22222121
02121201
11001222
01012001
12121122
11012222
21200022
11221121
01010102
01001012
02121212
01012012
22000121
01221211
01122102
11010121
22221122
01011002
11122121
01010211
22001021
22012021
01122211
22010122
11011021
21002222
22122122
21222121
01121201
11121122
22011022
01121212
21000121
02200001
12200222
21221122
02200012
21001021
22121221
21012021
21010122
21122122
02210002
21011022
12210021
02002201
12002122
02100002
01200001
02002212
11200222
02222111
01200012
12100021
21121221
02001202
02012202
02000111
02221101
01210002
12001221
02221112
12012221
22200021
02010101
12110022
02001011
02012011
11210021
01002201
02122101
11002122
02010112
01100002
01002212
02122112
02011001
12011222
01222111
22210022
11100021
02011012
01001202
02121102
01012202
01000111
01221101
22002221
22100022
11001221
01221112
12121121
11012221
21200021
01010101
11110022
01001011
02121211
01012011
01122101
01010112
22001222
22012222
01122112
22221121
01011001
11011222
21210022
01011012
01121102
22010121
21002221
22122121
21100022
11121121
12202022
02200202
22011021
01121211
21001222
12200221
22121122
21012222
21221121
02200011
21010121
21122121
02210001
12210222
02002102
11202022
02210012
01200202
21011021
12002121
02100001
12100222
02002211
11200221
21121122
02100012
01200011
02001201
12001122
02012201
22200222
12012122
02110002
02001212
01210001
02012212
11210222
01002102
02221111
01210012
12110021
02011202
11002121
02010111
01100001
11100222
01002211
02122111
12011221
01100012
22210021
22002122
02011011
01001201
02121101
11001122
01012201
21200222
11012122
01110002
01001212
02121112
01012212
22100021
01221111
11110021
01011202
01010111
22001221
22012221
01122111
22110022
11011221
21210021
21002122
01011011
01121101
02202002
22011222
01121112
21100021
12202021
02200201
12200122
02200212
21001221
22121121
21012221
21110022
12201022
12212022
02210202
01202002
21011222
12210221
02002101
12102022
11202021
02100202
02210011
01200201
02002112
11200122
01200212
12100221
21121121
22202022
02001102
02012102
02100011
11201022
11212022
01210202
12001121
22200221
12012121
02110001
12110222
02001211
02012211
11210221
01002101
11102022
02110012
01100202
01210011
01002112
02011201
12011122
22210222
11100221
21202022
02011212
01001102
01012102
01100011
22002121
22100222
11001121
21200221
11012121
01110001
11110222
01001211
02121111
01012211
01110012
22001122
22012122
01011201
11011122
21210222
01011212
22110021
21002121
21100222
02202001
12202222
02200102
22011221
01121111
02202012
21001122
12200121
21012122
02201002
02212002
02200211
21110021
12201021
12212021
02210201
12210122
02102002
01202001
11202222
02210212
01200102
21011221
01202012
12102021
02100201
12211022
12100122
02002111
11200121
02100212
01201002
01212002
01200211
22202021
02001101
12101022
02012101
12112022
22200122
11201021
11212021
02110202
02001112
01210201
02012112
11210122
01102002
01210212
12110221
22201022
22212022
11102021
02011102
02110011
01100201
11211022
11100122
01002111
01100212
12011121
22210221
22102022
21202021
02011211
01001101
11101022
01012101
11112022
21200122
01110202
01001112
22100221
01012112
11110221
21201022
21212022
01011102
01110011
22001121
22012121
22110222
11011121
21210221
21102022
01011211
02202202
22011122
21100221
12202221
02200101
02202011
02200112
21001121
21012121
21110222
02201001
12201222
02212001
12212222
02210102
02201012
02212012
01202202
21011122
12210121
02102001
12102222
11202221
02211002
02100102
02210211
01200101
02102012
01202011
12211021
01200112
12100121
22202222
02101002
02112002
02100211
01201001
11201222
01212001
11212222
01210102
01201012
12101021
01212012
12112021
22200121
02110201
12110122
02001111
02012111
11210121
01102001
11102222
02110212
01211002
01100102
01210211
01102012
22201021
22212021
02011101
12111022
22210122
11211021
11100121
21202222
02011112
01101002
01112002
01100211
22102021
22211022
22100122
11101021
11112021
21200121
01110201
11110122
01001111
01012111
01110212
22101022
22112022
21201021
21212021
01011101
11111022
21210122
01011112
22110221
21102021
21211022
21100122
02202201
12202122
22011121
02202212
21101022
21112022
02201202
02212202
02200111
21110221
12201221
12212221
02210101
02102202
02201011
02212011
01202201
11202122
02210112
21011121
01202212
12102221
02211001
02100101
12211222
02102011
02211012
01201202
02100112
01212202
01200111
22202221
02101001
12101222
02112001
12112222
11201221
11212221
02110102
02101012
01210101
02112012
01102202
01201011
01212011
01210112
12110121
22201222
22212222
11102221
02111002
02110211
01211001
01100101
11211222
01102011
01211012
12111021
01100112
22210121
22102222
21202221
02011111
01101001
11101222
01112001
11112222
01110102
01101012
01112012
22211021
22100121
11110121
21201222
21212222
01111002
01110211
22101021
22112021
22110122
11111021
21210121
21102222
01011111
02202102
22111022
21211021
21100121
12202121
02202211
21101021
21112021
02201201
21110122
12201122
02212201
12212122
02201212
02212212
01202102
21111022
02102201
12102122
02211202
11202121
02210111
02102212
01202211
12211221
22202122
02101202
02112202
02211011
01201201
02100111
11201122
01212201
11212122
01201212
12101221
01212212
12112221
02110101
02101011
02112011
01102201
11102122
01211202
02110112
01210111
01102212
22201221
22212221
02111001
12111222
11211221
21202122
02111012
01101202
01112202
01211011
01100111
22102221
22211222
11101221
11112221
01110101
01101011
01112011
01110112
22101222
22112222
21201221
21212221
01111001
11111222
01111012
22110121
21102221
21211222
02202101
22111021
02202112
21101222
21112222
02201102
02212102
21110121
12201121
12212121
02201211
02102102
02212211
01202101
21111021
01202112
12102121
02211201
12211122
02102211
02211212
01201102
01212102
22202121
02101201
12101122
02112201
12112122
11201121
11212121
02101212
02112212
01201211
01102102
01212211
22201122
22212122
02111202
11102121
01211201
02110111
11211122
01102211
01211212
12111221
22102122
21202121
02111011
01101201
11101122
01112201
11112122
01101212
01112212
22211221
21201122
21212122
01111202
01110111
22101221
22112221
11111221
21102122
01111011
22111222
21211221
02202111
21101221
21112221
02201101
02212101
02201112
02212112
21111222
02102101
02211102
02102112
01202111
12211121
02101102
02211211
02112102
01201101
01212101
01201112
12101121
01212112
12112121
02101211
02112211
01102101
01211102
01102112
22201121
22212121
02111201
12111122
11211121
02111212
01101102
01211211
01112102
22102121
22211122
11101121
11112121
01101211
01112211
22101122
22112122
21201121
21212121
01111201
11111122
01111212
21102121
21211122
22111221
21101122
21112122
02201111
02212111
21111221
02211101
02102111
02211112
02101101
02112101
02101112
02112112
01201111
01212111
02111102
01211101
01102111
01211112
12111121
02111211
01101101
01112101
01101112
01112112
22211121
01111102
22101121
22112121
11111121
01111211
22111122
21211121
21101121
21112121
21111122
02211111
02101111
02112111
02111101
02111112
01211111
01101111
01112111
01111101
01111112
22111121
21111121
02111111
01111111
10020000
10020010
20020000
10020200
20020010
10022000
10020210
20020200
10020100
10022010
10021000
20022000
20020210
10220000
10022200
10020110
10021010
20020100
20022010
20021000
10220010
10120000
10022210
10021200
20220000
20022200
20020110
20021010
10220200
10022100
10120010
10021210
20220010
20120000
20022210
20021200
10222000
10000000
10220210
10120200
10022110
10021100
20220200
20022100
20120010
20021210
10220100
10222010
10000010
10221000
10010000
10122000
20222000
10120210
20000000
10021110
20220210
20120200
20022110
20021100
10222200
10000200
10220110
10221010
10010010
10120100
10122010
10121000
20220100
20222010
20000010
20221000
20010000
20122000
20120210
20021110
10002000
10222210
10000210
10221200
10010200
10122200
20222200
10120110
20000200
10121010
20220110
20221010
20010010
20120100
20122010
20121000
10222100
10000100
10002010
10001000
10012000
10221210
10010210
10122210
20002000
10121200
20222210
20000210
20221200
20010200
20122200
10200000
20120110
20121010
10002200
10222110
10000110
10221100
10010100
10001010
10012010
10122100
10011000
20222100
20000100
20002010
10121210
20001000
20012000
20221210
20010210
20122210
10020002
20121200
10200010
10210000
10100000
10002210
10001200
10012200
20200000
10221110
10010110
10122110
20002200
10011010
10121100
20222110
20000110
20221100
20010100
20001010
20012010
20122100
20011000
10200200
10020001
10020012
20121210
10002100
10210010
10100010
20020002
10110000
10001210
10012210
20200010
10011200
20210000
20100000
20002210
10121110
20001200
20012200
20221110
20010110
10202000
20122110
10020202
20011010
20121100
10200210
10020011
10210200
10100200
10002110
10001100
20200200
10012100
20020001
20020012
10110010
20002100
10011210
20210010
20100010
20110000
20001210
20012210
20011200
10022002
10200100
10202010
10020201
10020212
10201000
10212000
20121110
10102000
10210210
20202000
10100210
20020202
10110200
10001110
20200210
10012110
20020011
10011100
20210200
20100200
20002110
20001100
20012100
20110010
10202200
10022001
10020102
20011210
10022012
10200110
10021002
10020211
10210100
10201010
10212010
10211000
10100100
10102010
20022002
10101000
10112000
20200100
20202010
20020201
20020212
20201000
20212000
10110210
20102000
10011110
20210210
10220002
20100210
20110200
20001110
20012110
20011100
10022202
10202210
10020101
10022011
10020112
10201200
10212200
10021001
10021012
10102200
10210110
20202200
10211010
10100110
20022001
20020102
20022012
10110100
10101010
10112010
20200110
20021002
20020211
10111000
20210100
20201010
20212010
20211000
20100100
20102010
20101000
10220001
20112000
10220012
20110210
10202100
10022201
10120002
20011110
10022212
10021202
20220002
10020111
10201210
10212210
10021011
10211200
10102210
20022202
10101200
10112200
20202210
20020101
20022011
20020112
20201200
20212200
10110110
20021001
20021012
20102200
10111010
20210110
10220202
20211010
20100110
20110100
20101010
10220011
20112010
20111000
10022102
10202110
10120001
10022211
10120012
10201100
10212100
10021201
20220001
10021212
20220012
10102100
20202100
10211210
20022201
20120002
20022212
10101210
10112210
20021202
20020111
10111200
20201210
20212210
20021011
20211200
10222002
20102210
10000002
20101200
10220201
20112200
10220212
20110110
10022101
10120202
20111010
10022112
10021102
20220202
10120011
10201110
10212110
10021211
20220011
10211100
10102110
20022102
10101100
10112100
20202110
20120001
20022211
20120012
20201100
20212100
20021201
20021212
20102100
10111210
10222001
10220102
20211210
10222012
10000001
10000012
10221002
20101210
10220211
20112210
10010002
20111200
10122002
10120201
20222002
10022111
10120212
20000002
10021101
20220201
10021112
20220212
10211110
20022101
20120202
20022112
10101110
10112110
20021102
20120011
10111100
20201110
20212110
20021211
20211100
10222202
20102110
10000202
20101100
10220101
20112100
10222011
10220112
10000011
10221001
10221012
10010001
10122001
10010012
10120102
20111210
10122012
20222001
10121002
10120211
20220102
20222012
20000001
20000012
20221002
10021111
20220211
20010002
20122002
20120201
20022111
20120212
20021101
20021112
10111110
10002002
10222201
20211110
10222212
10000201
10000212
10221202
20101110
10220111
20112110
10010202
20111100
10122202
10221011
10010011
10120101
20222202
10122011
10120112
20000202
10121001
20220101
20222011
10121012
20220112
20000011
20221001
20221012
20010001
20122001
20010012
20120102
20122012
20121002
20120211
20021111
12020000
10222102
10002001
10000102
10002012
10222211
10001002
10012002
10000211
10221201
11020000
10221212
10010201
10122201
10010212
20111110
10122212
20002002
20222201
10121202
10120111
20222212
20000201
20000212
20221202
10121011
20220111
20010202
20122202
20221011
20010011
20120101
20122011
10200002
20120112
20121001
20121012
10002202
12020010
10222101
10222112
10000101
10002011
10000112
10221102
10001001
10012001
10010102
10001012
10012012
10221211
10122102
11020010
22020000
10011002
10010211
10122211
20222102
20002001
20000102
10121201
20002012
20222211
10121212
20001002
20012002
20000211
20221201
21020000
20221212
20010201
20122201
20010212
20122212
20121202
10200001
20120111
10200012
20121011
12020200
10210002
10002201
10100002
10002212
10222111
10001202
10012202
20200002
10000111
10221101
11020200
10221112
10010101
10001011
10012011
10122101
10010112
10122112
10011001
20002202
22020010
20222101
10011012
10121102
20222112
20000101
20002011
20000112
10121211
20221102
20001001
20012001
20010102
20001012
20012012
20221211
20122102
21020010
20011002
20010211
20122211
10200202
20121201
12022000
20121212
10200011
10210001
10002102
12020210
10210012
10100001
10002211
11022000
10100012
10001201
10012201
20200001
10110002
10001212
10012212
20200012
10221111
11020210
22020200
10011202
20210002
10010111
10122111
20002201
10011011
20100002
10121101
20002212
20222111
10121112
20001202
20012202
20000111
20221101
21020200
20221112
20010101
20001011
20012011
20122101
20010112
10202002
20122112
20011001
20011012
10200201
20121102
10200212
20121211
12020100
10210202
12022010
10002101
12021000
10100202
10210011
10002112
10001102
20200202
10012102
10100011
11020100
11022010
10110001
22022000
10001211
10012211
20200011
11021000
10110012
10011201
20210001
20002102
22020210
10011212
20210012
20100001
20002211
21022000
20100012
10121111
20001201
20012201
20110002
20001212
20012212
20221111
12220000
21020210
20011202
20010111
10202001
20122111
10200102
10202012
20011011
20121101
12022200
10201002
10212002
10200211
20121112
11220000
10210201
10102002
12020110
10210212
10100201
20202002
10002111
12021010
11022200
10100212
10001101
20200201
10012101
10110202
10001112
20200212
10012112
11020110
22020100
10011102
20210202
10110011
22022010
11021010
20002101
22021000
10011211
20100202
20210011
20002112
20001102
20012102
20100011
21020100
21022010
20110001
20001211
20012211
21021000
20110012
10202202
20011201
12220010
20011212
10200101
10202011
10200112
10201001
10212001
20121111
12120000
10210102
12022210
10201012
10212012
11220010
10102001
12021200
22220000
10211002
10100102
10210211
10102012
20202001
10101002
10112002
10100211
20200102
20202012
11120000
11022210
10110201
22022200
20201002
10001111
20212002
20200211
10012111
11021200
21220000
10110212
10011101
20210201
20102002
22020110
10011112
20210212
20100201
20002111
22021010
21022200
20100212
20001101
20012101
20110202
20001112
20012112
12220200
21020110
20011102
20110011
10202201
21021010
10202212
20011211
12022100
10201202
10212202
10200111
11220200
10210101
10102202
10201011
10212011
12120010
10210112
10211001
10100101
20202202
10102011
12021210
22220010
10211012
11022100
10100112
10101001
10112001
20200101
20202011
10110102
10101012
10112012
20200112
11120010
20201001
20212001
22120000
10111002
10110211
20210102
22022210
20201012
20212012
11021210
21220010
20102001
22021200
20211002
10011111
20100102
20210211
20102012
20101002
20112002
20100211
21120000
12222000
21022210
20110201
20001111
12000000
20012111
21021200
20110212
10202102
12220210
20011101
20011112
10202211
11222000
10201201
10212201
11000000
12120200
12022110
10201212
10212212
11220210
10102201
12021100
22220200
10211202
10210111
10102212
20202201
10101202
10112202
10211011
10100111
20202212
11120200
11022110
10110101
22022100
20201202
10101011
20212202
10112011
20200111
11021100
21220200
10110112
10111001
20210101
20102202
20201011
20212011
22120010
10111012
20210112
20211001
20100101
20102011
22021210
20211012
21022100
20100112
20101001
20112001
20110102
20101012
20112012
12220100
21120010
12222010
20111002
20110211
12000010
10202101
12221000
21021210
10202112
20011111
12010000
12122000
10201102
10212102
11220100
11222010
22222000
10201211
10102102
10212211
11000010
12120210
11221000
22000000
10211201
11010000
10102211
20202102
12021110
22220210
10211212
11122000
10101201
10112201
20202211
10101212
21222000
10112212
11120210
20201201
20212201
21000000
22120200
10111202
10110111
22022110
20201212
20212212
11021110
21220210
20102201
22021100
20211202
10111011
20210111
20102212
20101202
20112202
20211011
20100111
21120200
12222200
21022110
20110101
20101011
12000200
20112011
21021100
20110112
20111001
12220110
20111012
10202111
12221010
11222200
10201101
12010010
10212101
11000200
12120100
12122010
10201112
10212112
11220110
10102101
12121000
22220100
10211102
22222010
10102112
11221010
22000010
20202101
22221000
10101102
10211211
10112102
11010010
20202112
11120100
11122010
22010000
22122000
10101211
20201102
10112211
20212102
11121000
21220100
21222010
10111201
20201211
20102102
20212211
21000010
22120210
21221000
10111212
20211201
21010000
20102211
22021110
20211212
21122000
20101201
20112201
12002000
20101212
20112212
21120210
12222210
20111202
20110111
12000210
12221200
21021110
20111011
12010200
11002000
12122200
11222210
22222200
10201111
10212111
11000210
11221200
12120110
22000200
10211101
11010200
10102111
12121010
22220110
11122200
10211112
10101101
10112101
20202111
22221010
10101112
21222200
10112112
11120110
20201101
22010010
20212101
21000200
22120100
10111102
22122010
20201112
20212112
11121010
21220110
20102101
22121000
10111211
20211102
20102112
21221010
20101102
20211211
20112102
21010010
21120100
12222100
21122010
20101211
20112211
12000100
21121000
12002010
20111201
12001000
12012000
20111212
12221210
11222100
12010210
11000100
11002010
12122210
22002000
11001000
12121200
11012000
22222210
11221210
22000210
22221200
10211111
11010210
11122210
22010200
21002000
22122200
10101111
10112111
11121200
21222210
10111101
20201111
12200000
20212111
21000210
21221200
22120110
10111112
20211101
21010200
20102111
22121010
21122200
20211112
20101101
20112101
12002200
20101112
20112112
11200000
21120110
12222110
20111102
12000110
12221100
21121010
20111211
12010100
12001010
12012010
11002200
12122100
12011000
11222110
22222100
11000110
11221100
22000100
22002010
11010100
11001010
12121210
11012010
11122100
22001000
22012000
11011000
22221210
21222100
22010210
21000100
21002010
22122210
11121210
12020002
21001000
22121200
21012000
10111111
12200010
21221210
20211111
12210000
21010210
21122210
20101111
11020002
12100000
20112111
21121200
12002210
11200010
20111101
12001200
12012200
22200000
20111112
11210000
12221110
12010110
11100000
11002210
12122110
22002200
12011010
11001200
12121100
11012200
21200000
22222110
11221110
22000110
22221100
11010110
11122110
22010100
22001010
22012010
21002200
22122100
11011010
11121100
22011000
21222110
12200200
21000110
21221100
12020001
21010100
12020012
21001010
22121210
21012010
21122100
21011000
12002100
12210010
11200200
11020001
11020012
12100010
21121210
22020002
20111111
12110000
12001210
12012210
22200010
11002100
11210010
12011200
22210000
11100010
21020002
22100000
22002210
11110000
11001210
12121110
11012210
21200010
22001200
22012200
11011200
21210000
22221110
22010110
21100000
12202000
21002210
22122110
11121110
12020202
22011010
21001200
22121100
21012200
12200210
21221110
12020011
12210200
21010110
11202000
21122110
11020202
12100200
21011010
21121100
12002110
11200210
12001100
22200200
12012100
11020011
11210200
22020001
22020012
12110010
11100200
11002110
22002100
12011210
11001100
22210010
21200200
11012100
21020001
21020012
22100010
11110010
22110000
22001210
22012210
21002100
11011210
21210010
22011200
12022002
12200100
21100010
12202010
12020201
21110000
12020212
12201000
21001210
12212000
22121110
21012210
21011200
11022002
12102000
12210210
11200100
11202010
11020201
22202000
11020212
12100210
11201000
11212000
21121110
22020202
12110200
12001110
22200210
12012110
11102000
11210210
22020011
12011100
22210200
21202000
11100210
21020202
22100200
22002110
11110200
11001110
21200210
11012110
22001100
22012100
21020011
11011100
21210200
22110010
21100200
12202200
21002110
12022001
12020102
22011210
21001100
21012100
12022012
12200110
12021002
12020211
12210100
21110010
12201010
12212010
11202200
11022001
12211000
11020102
21011210
12100100
11022012
12102010
22022002
11200110
11021002
12101000
12112000
11020211
22200100
22202010
22020201
11210100
11201010
11212010
22020212
22201000
22212000
12110210
11211000
11100100
11102010
21022002
22102000
12011110
11101000
22210210
11112000
21200100
21202010
21020201
12220002
21020212
22100210
21201000
21212000
11110210
22110200
22001110
22012110
21102000
11011110
21210210
22011100
12022202
11220002
21100210
12202210
12020101
12022011
21110200
12020112
12201200
21001110
12212200
21012110
12021001
21011100
12021012
11022202
12102200
12210110
11202210
11020101
22202200
11022011
12211010
11020112
11201200
12100110
11212200
22022001
22020102
11021001
22022012
12110100
11021012
12101010
12112010
22200110
11102200
22021002
22020211
11210110
12111000
22210100
22201010
22212010
21202200
11211010
11100110
21022001
22211000
21020102
22100100
21022012
22102010
11110100
11101010
11112010
21200110
21021002
22101000
12220001
22112000
21020211
11111000
21210100
12220012
21201010
21212010
22110210
21211000
21100100
12202100
21102010
12022201
12120002
22011110
21101000
11220001
21112000
12022212
11220012
12021202
22220002
12020111
21110210
12201210
12212210
11202100
12021011
11022201
12211200
11120002
21011110
11022212
12102210
22022202
11021202
12101200
12112200
21220002
11020111
22202210
22020101
11201210
11212210
22022011
22020112
22201200
11021011
22212200
11211200
12110110
22021001
11102210
22021012
21022202
22102200
12111010
11101200
22210110
11112200
21202210
21020101
21022011
12220202
22211010
21020112
21201200
22100110
21212200
11110110
21021001
22110100
21021012
22101010
12220011
22112010
21102200
11111010
21210110
22111000
12022102
11220202
21211010
21100110
12202110
12120001
12022211
21110100
12120012
12201100
21101010
12212100
11220011
21112010
12021201
22220001
21111000
12021212
22220012
11022102
12102100
11202110
11120001
11022211
22202100
12211210
11120012
11201100
22022201
11212100
22120002
11021201
21220001
22022212
11021212
12101210
12112210
21220012
11102100
22021202
22020111
12111200
22201210
22212210
21202100
11211210
22021011
21022201
22211200
21120002
12222002
21022212
22102210
11101210
11112210
12000002
21021202
22101200
12220201
22112200
21020111
11111200
12220212
21201210
21212210
21021011
21211200
22110110
11222002
21102210
12022101
11000002
12120202
22111010
21101200
11220201
21112200
12022112
11220212
12021102
22220202
12120011
21110110
12201110
12212110
12021211
22220011
11022101
11120202
12211100
21111010
11022112
12102110
22022102
11021102
12101100
21220202
12112100
11120011
22202110
22120001
11201110
22022211
11212110
22120012
11021211
22201100
22212100
21220011
22021201
11211100
11102110
22021212
21022102
22102100
12111210
11101100
11112100
21202110
21120001
12222001
21022211
12220102
22211210
21120012
21201100
21212100
12222012
12000001
21021201
12000012
12221002
21021212
22101210
12220211
22112210
21102100
11111210
12010002
22111200
12122002
11222001
11220102
21211210
11222012
11000001
12120201
22222002
12022111
11000012
12120212
11221002
21101210
11220211
21112210
22000002
12021101
22220201
11010002
21111200
12021112
22220212
11122002
11120201
21222002
11022111
11120212
12211110
22022101
21000002
22120202
11021101
21220201
22022112
11021112
12101110
21220212
12112110
22021102
22120011
12111100
22201110
22212110
22021211
11211110
21022101
21120202
22211100
12222202
21022112
22102110
11101110
11112110
12000202
21021102
22101100
12220101
22112100
21120011
12222011
11111100
12220112
21201110
21212110
12000011
12221001
21021211
21211100
12221012
11222202
21102110
12010001
12122001
12010012
11000202
12120102
22111210
21101100
11220101
21112100
12122012
11222011
11220112
22222001
12121002
11000011
12120211
22220102
11221001
22222012
22000001
11221012
11010001
22000012
22221002
12021111
22220211
11122001
11010012
11120102
21111210
11122012
22010002
22122002
21222001
11121002
11120211
21220102
21222012
21000001
22120201
22022111
21000012
22120212
21221002
11021111
21220211
22021101
21010002
22021112
21122002
12111110
12002002
21120201
12222201
21022111
21120212
22211110
12222212
12000201
21021101
12000212
12221202
21021112
22101110
12220111
22112110
11111110
12010202
22111100
11002002
12122202
12221011
11222201
21211110
11222212
12010011
11000201
12120101
22222202
12122011
11000212
11221202
12120112
21101110
11220111
21112110
22000202
12121001
22220101
11010202
22222011
21111100
12121012
22220112
11122202
11221011
22000011
22221001
11010011
11120101
22221012
21222202
11122011
22010001
11120112
22122001
22010012
21000202
22120102
11121001
21220101
22122012
21222011
11121012
21220112
22121002
21000011
22120211
21221001
21221012
21010001
22021111
21122001
21010012
21120102
12222102
21122012
12002001
12000102
21121002
12002012
21120211
12222211
12001002
12012002
12000211
12221201
21021111
12221212
11222102
12010201
11002001
12122201
12010212
11000102
22111110
11002012
12122212
11222211
22002002
22222201
11001002
12121202
11012002
11000211
11221201
12120111
22222212
22000201
11221212
11010201
22000212
22221202
12121011
22220111
11122201
11010212
21111110
11122212
22010202
21002002
22122202
22221011
21222201
11121202
11120111
21222212
22010011
21000201
22120101
22122011
12200002
21000212
21221202
22120112
11121011
21220111
22121001
21010202
22121012
21122202
21221011
21010011
12002202
21120101
12222101
21122011
11200002
21120112
12222112
12000101
21121001
12002011
12000112
12221102
21121012
12001001
12012001
12010102
12001012
12012012
11002202
12221211
12122102
11222101
12011002
11222112
12010211
11000101
11002011
12122211
22222102
11000112
11221102
22002001
22000102
11001001
12121201
11012001
22002012
11010102
22222211
11001012
12121212
11012012
11221211
11122102
22001002
22012002
22000211
22221201
11011002
11010211
22221212
11122211
21222102
22010201
21002001
22122201
22010212
21000102
11121201
21002012
22122212
21222211
11121212
21001002
22121202
12200001
21012002
21000211
21221201
22120111
12200012
21221212
21010201
22121011
21122201
12210002
21010212
21122212
12002201
12100002
21121202
11200001
12002212
21120111
12222111
11200012
12001202
12012202
22200002
12000111
12221101
21121011
11210002
12221112
12010101
12001011
12012011
11002201
12122101
12010112
11100002
11002212
12122112
12011001
11222111
22002202
22222101
12011012
11001202
12121102
11012202
21200002
11000111
11221101
22222112
22000101
11221112
22002011
11010101
22000112
11001011
12121211
22221102
11012011
11122101
11010112
22001001
22012001
11122112
22010102
11011001
22001012
22012012
21002202
22221211
22122102
21222101
11011012
11121102
22011002
21222112
22010211
21000101
21002011
22122211
12200202
21000112
11121211
21221102
21001001
22121201
21012001
21010102
21001012
22121212
12200011
21012012
21221211
21122102
21011002
12210001
21010211
12002102
21122211
12210012
11200202
12100001
21121201
12002211
12100012
21121212
11200011
12001201
12012201
22200001
12110002
12001212
11210001
12012212
22200012
11002102
12221111
11210012
12011202
22210002
12010111
11100001
11002211
12122111
11100012
22002201
12011011
22100002
11001201
12121101
11012201
21200001
22002212
11110002
22222111
11001212
12121112
11012212
21200012
11221111
22001202
22012202
22000111
22221101
11011202
21210002
11010111
22221112
11122111
22010101
22001011
22012011
21002201
22122101
22010112
11011011
21100002
11121101
12202002
21002212
22122112
22011001
21222111
11121112
22011012
21001202
12200201
22121102
21012202
21000111
21221101
12200212
21221112
21010101
21001011
22121211
21012011
21122101
12210202
21010112
11202002
21122112
21011001
12002101
12100202
21011012
12210011
11200201
21121102
12002112
11200212
12001102
22200202
12012102
12100011
21121211
11210202
12110001
12001211
12012211
22200011
11002101
12110012
11100202
11210011
11002112
12011201
22210001
22002102
12011212
11001102
22210012
21200202
11012102
11100011
22100001
22002211
11110001
22100012
11001211
12121111
11012211
21200011
11110012
22001201
22012201
22110002
11011201
22001212
21210001
22012212
21002102
22221111
11011212
21210012
22011202
22010111
21100001
12202001
21002211
22122111
12200102
21100012
11121111
12202012
22011011
21001201
22121101
21012201
21110002
12201002
21001212
12212002
12200211
22121112
21012212
21221111
21011202
12210201
21010111
12102002
11202001
21122111
12210212
11200102
11202012
12100201
21011011
21121101
22202002
12002111
12100212
11201002
11212002
11200211
21121112
12001101
22200201
12012101
12110202
12001112
11210201
22200212
12012112
11102002
11210212
12011102
22210202
12110011
11100201
21202002
11002111
11100212
22002101
12011211
22100202
11001101
22210011
21200201
11012101
22002112
11110202
11001112
21200212
11012112
22001102
22012102
22100011
11011102
21210202
11110011
22110001
22001211
22012211
21002101
22110012
11011211
21100202
21210011
12202202
21002112
22011201
22011212
21001102
12200101
21012102
21100011
12202011
12200112
21110001
12201001
21001211
12212001
22121111
21012211
12210102
21110012
12201012
12212012
11202202
21011201
12102001
12211002
21011212
12100102
12210211
11200101
12102012
11202011
11200112
22202001
12101002
12112002
12100211
22200102
11201001
11212001
21121111
22202012
11210102
11201012
11212012
12110201
22201002
12001111
22212002
22200211
12012111
11102001
12110212
11211002
11100102
11210211
11102012
12011101
22210201
22102002
21202001
12011112
11101002
22210212
11112002
11100211
21200102
21202012
22100201
22002111
11110201
22100212
21201002
11001111
21212002
21200211
11012111
11110212
22001101
22012101
22110202
11011101
22001112
21210201
22012112
21102002
11011112
21210212
22011102
22110011
21100201
12202201
21002111
21100212
12202212
22011211
21001101
21012101
21110202
12201202
21001112
12212202
12200111
21012112
21011102
12210101
21110011
12102202
12201011
12212011
11202201
12210112
11202212
12211001
21011211
12100101
22202202
12102011
12211012
11201202
12100112
11212202
11200111
12101001
12112001
22200101
22202011
12110102
12101012
11210101
12112012
22200112
11102202
11201011
11212011
11210112
22201001
22212001
12111002
12110211
22210102
11211001
11100101
22201012
22212012
21202202
11102011
11211012
11100112
22102001
22211002
12011111
22100102
11101001
22210211
11112001
21200101
22102012
21202011
11110102
11101012
11112012
21200112
22101002
22112002
22100211
21201001
21212001
11111002
11110211
21210102
21201012
21212012
22110201
22001111
22012111
21102001
22110212
21211002
11011111
21100102
21210211
12202102
21102012
22011101
22011112
21101002
21112002
21100211
12202211
21110201
12201201
21001111
12212201
21012111
21110212
12201212
12212212
11202102
21011101
12102201
12211202
21011112
12210111
12102212
11202211
22202201
12101202
12112202
12211011
11201201
12100111
11212201
22202212
11201212
11212212
12110101
22201202
12101011
22212202
12112011
22200111
11102201
11211202
12110112
11210111
11102212
12111001
22210101
22102202
22201011
22212011
21202201
12111012
11101202
22210112
11112202
11211011
11100111
21202212
22211001
22100101
22102011
11110101
22211012
21201202
22100112
11101011
21212202
11112011
21200111
11110112
22101001
22112001
22110102
11111001
22101012
21210101
22112012
21102202
21201011
21212011
11111012
21210112
22111002
22110211
21211001
21100101
12202101
21102011
21211012
21100112
12202112
22011111
21101001
21112001
21110102
12201102
21101012
12212102
21112012
21111002
21110211
12201211
12102102
12212211
11202101
11202112
12211201
21011111
12102211
22202102
12211212
11201102
11212102
12101201
12112201
22202211
12101212
12112212
11201211
11102102
11212211
22201201
22212201
12111202
11211201
12110111
22201212
22212212
11102211
21202102
11211212
22102201
22211202
12111011
11101201
22210111
11112201
22102212
21202211
11101212
11112212
22101202
22112202
22211011
21201201
22100111
21212201
11111202
11110111
21201212
21212212
22110101
22101011
22112011
21102201
21211202
22110112
11111011
21210111
21102212
22111001
22111012
21101202
21112202
21211011
21100111
12202111
21110101
12201101
21101011
12212101
21112011
21110112
12201112
12212112
21111001
12102101
12211102
21111012
12102112
11202111
22202101
12101102
12211211
12112102
11201101
11212101
22202112
11201112
11212112
12101211
22201102
12112211
22212102
11102101
11211102
11102112
12111201
22201211
22102102
22212211
21202101
12111212
11101102
11211211
11112102
21202112
22211201
22102211
22211212
11101211
21201102
11112211
21212102
22101201
22112201
11111201
22101212
22112212
21201211
21102102
21212211
11111212
22111202
21211201
22110111
21102211
21211212
22111011
21101201
21112201
21101212
21112212
21111202
21110111
12201111
12212111
12211101
21111011
12102111
12211112
12101101
12112101
22202111
12101112
12112112
11201111
11212111
22201101
22212101
12111102
11211101
22201112
22212112
11102111
11211112
22102101
12111211
22211102
11101101
11112101
22102112
21202111
11101112
11112112
22101102
22211211
22112102
21201101
21212101
11111102
21201112
21212112
22101211
22112211
21102101
11111211
21211102
21102112
22111201
22111212
21101102
21211211
21112102
21101211
21112211
21111201
21111212
12211111
12101111
12112111
12111101
22201111
22212111
12111112
11211111
22211101
22102111
22211112
11101111
11112111
22101101
22112101
11111101
22101112
22112112
21201111
21212111
11111112
22111102
21211101
21102111
21211112
22111211
21101101
21112101
21101112
21112112
21111102
21111211
12111111
22211111
22101111
22112111
11111111
22111101
22111112
21211111
21101111
21112111
21111101
21111112
22111111
21111111