02022201
12022222
21202201
20202211
21122002
22202122
20102101
20122012
21220221
02122222
10002201
20220200
12102001
02022002
20120121
21202002
20202012
10020221
02202222
00102201
10102222
12120021
21220022
20200121
10002002
22021021
00120221
21222220
20212201
12200021
00020001
10020022
00102002
00200221
20122120
10022220
00120022
12122020
22000020
20212002
20101021
20202120
22222211
00122220
00200022
22122101
01022021
12202020
00022000
12022201
00202220
22202101
22222012
20022102
02122201
12122222
22000222
22220121
12022002
02202201
12202222
10102201
00022202
21220001
02122002
20220011
02220221
10120221
20021221
10020001
02202002
10102002
22121021
22222120
10200221
02220022
00120001
10120022
21222000
22201021
20222010
20021022
02222220
10122220
20000220
00200001
10200022
11022021
22100020
10022000
10202220
01122021
00122000
12122201
22000201
21222202
20222212
01202021
20122102
00202000
12202201
22100222
10022202
12122002
22000002
00220020
20202102
12220221
00122202
22002200
12202002
20220122
00202202
22020220
02220001
20121221
12220022
10120001
00212021
20021001
00220222
12222220
20201221
10200001
20121022
20100220
22012221
11122021
21000021
02222000
00022121
10122000
20000000
20201022
11202021
22222102
10202000
22100201
22012022
10220020
21002020
02222202
10122202
20000202
22100002
20220101
20010021
10202202
22221221
22102200
12220001
22002011
10212021
00220201
10220222
22120220
21002222
21222121
22020000
22221022
20121001
20222100
22200220
20012020
00220002
12222000
10022121
20201001
01222221
00222200
22112221
21100021
00122121
20100000
22012001
22020202
20012222
02000021
01222022
00202121
22112022
12222202
21102020
20100202
20221020
20110021
02002020
10220201
21002201
20002211
22102011
22221001
22002122
21020221
21102222
20020200
20221222
10220002
22120000
21002002
20002012
11222221
02002222
20112020
10222200
02222121
21020022
10122121
22200000
20000121
21022220
20012201
12000021
01222001
11222022
00222011
10202121
22112001
22120202
00000221
20112222
02100021
22200202
20012002
20002120
22022211
00000022
22210021
12002020
00002220
22002101
02102020
22022012
21102201
20102211
20221201
22020121
22102122
21120221
02002201
22212020
12002222
20120200
21020001
12222121
21102002
20020011
20102012
20221002
02020221
21200221
02102222
20200200
11222001
21120022
02002002
10222011
20100121
22022120
10000221
21122220
22212222
20112201
12100021
02020022
21200022
00222122
21022000
22001021
00100221
20022010
02022220
21202220
00000001
10000022
20112002
20102120
22122211
20210221
10002220
00100022
12102020
21022202
22202211
00102220
20022212
22102101
01002021
22122012
20210022
00002000
12002201
22220200
22120121
20212220
22202012
00020020
20002102
12020221
02102201
12102222
21120001
22200121
12002002
20120011
20020122
02120221
00002202
22212201
02020001
12020022
21200001
02102002
00222101
20200011
10222122
02200221
22122120
00012021
10100221
00020222
12022220
02120022
20001221
10000001
21122000
22212002
22101021
22202120
20122010
02122220
02200022
00100001
10100022
02022000
21202000
20202010
20001022
02202220
10102220
11002021
21220020
22022102
20210001
10002000
21122202
20122212
01102021
10020020
00221021
00102000
12102201
02022202
21202202
20202212
22220011
20020101
00120020
20102102
12120221
21212021
21220222
20212000
10002202
22021221
12020001
12102002
10222101
20120122
00200020
12200221
10012021
00020201
10020222
00102202
02120001
12120022
20200122
21022121
00112021
22222010
22021022
00120222
20022100
12122220
22000220
20212202
02200001
20101221
12200022
10100001
00020002
12022000
20001001
00200222
01022221
12202220
00022200
02122000
20101022
22222212
11102021
22122102
01022022
02202000
10221021
00002121
10102000
12022202
02220020
22202102
10120020
21220201
02122202
20220211
20021020
22220122
20120101
10200020
10020201
02202202
10102202
22121221
12120001
21220002
20200101
20220012
02212021
22021001
10112021
02220222
00120201
10120222
21222200
22201221
12200001
20222210
20021222
10020002
21122121
22121022
00200201
20122100
10200222
11022221
22100220
10022200
00120002
02022121
12122000
21202121
22000000
22201022
20101001
20202100
01122221
00122200
00200002
01022001
11022022
12202000
00022011
10002121
20220120
01202221
00202200
12220020
01122022
00102121
12122202
22000202
00220220
22220101
01202022
22010021
12202202
20212121
20121020
12212021
02220201
12220222
10120201
20201020
00212221
20021201
22121001
22222100
10200201
22012020
02220002
20121222
10120002
12022121
21222011
22201001
00212022
20021002
11122221
21000221
02222200
10122200
20000200
20201222
10200002
11022001
02122121
22100000
10022011
11202221
10202200
22012222
01122001
11122022
02202121
21000022
00122011
10102121
00022122
10220220
21002220
01202001
11202022
00202011
22100202
22221020
20010221
01220021
00220000
22110021
12220201
22002211
10212221
20220102
20010022
22020200
22221222
20121201
12220002
20012220
01222020
00212001
22002012
10212022
00220202
22112020
12222200
20201201
12122121
22000121
21222122
20121002
21100221
20100200
22012201
11122001
21000001
02222011
12202121
10122011
00022101
20000011
10022122
20201002
02000221
01222222
22112222
11202001
21100022
10202011
00122122
22012002
22002120
21102220
11220021
02000022
20221220
10220000
00202122
21002000
20002010
20110221
02002220
21020020
20010001
22102211
22221201
11222020
10212001
20110022
00021021
10220202
22120200
21002202
20002212
20112220
22020011
21222101
22102012
22221002
20222111
21012021
21020222
22200200
20012000
12222011
22100121
10022101
00000020
12000221
01222201
11222222
00222211
22112201
21100001
02222122
00122101
20100011
10122122
20000122
02100221
22022010
20012202
02000001
12000022
01222002
00202101
00222012
10202122
22112002
22102120
00000222
22210221
12002220
02100022
00220121
21221021
21102000
20102010
20221000
02102220
22022212
21120020
22210022
20110001
02002000
10021021
22212220
02020020
21200020
22002102
00121021
00222120
21020201
21102202
20020211
20102212
20221202
22120011
22020122
10000020
00201021
21112021
11222201
21120222
02002202
20112000
10222211
02222101
21020002
22200011
12222122
10122101
20000101
00100020
20020012
02012021
12100221
02020222
21200222
21022200
22001221
12000001
11222002
20022210
10202101
10222012
20100122
22122010
00000201
20210020
10000222
20112202
02100001
12100022
10220121
21002121
22202010
22001022
00100222
20002100
12102220
00000002
22210001
12002000
20020120
01002221
22122212
20210222
00002200
12020020
02221021
02102000
10121021
10222120
22202212
00020220
22020101
02120020
22102102
01002022
10201021
21120201
22212000
12002202
20012121
20120211
12222101
22120122
02200020
10100020
12012021
02020201
12020222
21200201
02102202
20200211
20001020
00012221
21120002
22200122
20100101
20120012
02112021
02120222
22022100
10000201
21122200
22212202
22101221
12100001
20122210
02020002
21200002
00222102
20200012
21022011
22001001
02200222
00100201
00012022
10100222
02022200
21202200
20202210
20001222
10000002
21102121
22101022
20221121
20102100
11002221
21220220
20210201
10002200
00100002
12221021
02002121
12102000
20120120
01102221
10020220
00221221
00102200
12120020
01002001
11002022
20210002
00002011
20200120
22220211
22021020
00120220
21212221
22120101
01020021
20212200
12200020
01102022
00020000
00221022
12020201
12102202
20112121
00200220
10012221
22200101
22220012
20020102
12112021
02120201
12120222
21212022
20101020
00112221
22222210
22021222
12020002
10222102
02200201
22122100
01022020
12200222
00012001
10100201
10012022
00020202
12022200
02120002
20001201
21122011
22101001
21022122
22202100
00112022
02122200
02200002
20101222
10100002
02022011
12002121
21202011
22220120
20001002
11102221
01022222
02202200
10221221
10102200
11002001
02102121
21220000
10002011
20220010
02220220
10120220
11020021
01102001
11102022
20021220
10020000
00102011
00221001
10221022
00002122
22212121
22121020
10200220
01120021
00120000
12120201
21212001
21220202
20212011
22201020
20220212
02212221
22021201
10112221
01200021
20120102
00200000
12200201
11022020
10012001
10020202
22121222
12120002
20200102
21022101
01122020
02212022
00112001
22021002
10112022
20022111
00120202
12122200
22000200
22201222
20101201
12200002
12022011
21122122
01202020
00200202
01022201
11022222
12202200
00022211
02122011
12102121
02022122
00210021
21202122
20101002
12220220
01122222
11102001
01022002
02202011
10102011
10221001
00002101
00022012
10002122
01202222
22010221
11120021
02220000
20121220
00020121
10120000
00102122
21021021
00212020
20021000
12212221
11200021
22220102
20201220
10200000
22010022
20212122
22121201
22012220
02212001
11122020
12212022
10112001
21000020
02220202
10120202
00022120
21222211
22201201
00212222
20021202
21122101
11202020
22121002
20122111
00001021
10200202
11022201
22100200
10022211
12122011
02022101
22000011
12022122
21202101
10210021
21222012
22201002
20202111
01122201
11122222
21000222
00122211
21220121
11022002
12202011
02122122
10002101
10022012
20220100
01202201
11202222
20010020
00202211
22221220
12220000
01122002
10020121
02202122
00102101
00122012
10102122
01220221
22002010
10212020
00220200
22110221
00120121
01202002
22010001
00202012
21121021
21222120
20212101
20121000
20010222
01220022
00200121
12212001
22110022
02021021
12220202
21201021
10022120
20201000
01222220
00212201
22002212
10212222
22112220
22222111
21100020
10001021
00122120
22012000
20121202
12022101
02000020
00212002
00101021
00202120
11122201
21000201
02222211
10122211
20000211
20201202
02122101
22100011
12122122
22000122
11202201
21100222
20211021
10202211
22012202
11122002
02202101
21000002
02222012
12202122
10102101
10122012
00022102
20000012
11220221
02000222
20110020
10220200
21002200
02220121
10120121
11202002
20002210
10202012
22102010
22221000
20021121
21020220
20010201
01220001
11220022
00220011
10200121
22110001
12021021
11222220
10212201
20110222
00021221
02121021
02222120
20010002
10122120
20000120
22020211
22102212
22221202
21012221
20012200
12000020
01222000
02201021
10212002
10101021
00222010
10202120
00021022
22112000
12222211
00000220
12122101
22000101
02100020
22020012
21222102
20222112
21100201
21012022
20100211
22022210
12202101
12222012
22100122
10022102
02000201
22210020
12000222
01222202
00222212
22112202
12220121
21100002
00122102
20100012
02100222
22002100
21221221
21102200
11220001
20102210
02000002
20221200
10220011
00202102
21002011
22020120
20121121
21120220
22210222
20110201
02002200
10021221
00220122
12121021
21020000
12222120
21221022
20020010
20201121
02020220
21200220
00121221
11222000
12201021
20110002
00021001
10222010
10021022
20100120
22012121
22120211
10000220
00201221
21112221
20112200
12100020
00121022
21012001
21020202
22200211
20012011
22001020
00100220
20020212
02012221
22100101
01000021
22120012
00000000
00201022
12000201
21112022
11222202
10222212
22122210
20210220
02222102
22200012
10122102
20000102
02100201
02012022
12100222
22202210
22001222
12000002
10202102
22221121
22102100
01002020
00000202
22210201
12002200
02100002
00220101
10220122
21102011
22120120
21221001
00010021
21002122
20221011
12020220
02221221
02102200
10121221
21120000
22210002
02002011
22200120
10021001
20120010
02120220
01002222
10201221
22212200
01222121
02020000
21200000
02221022
00121001
10121022
00222100
20200010
22112121
02200220
00012020
10100220
12012221
11000021
22020102
20001220
10000000
00201001
21112001
10201022
21120202
20112011
22101020
20012122
20120212
02112221
01100021
12222102
00100000
02012001
12100201
12012022
02020202
21200202
20200212
21022211
22001201
00012222
20100102
21210021
02112022
11002020
20210000
10000202
22101222
12100002
10220101
21002101
10010021
01102020
21022012
22001002
20002111
00100202
00221020
12221221
12102200
21020121
12002011
00110021
22220010
21102122
20020100
20221122
12120220
01002201
21212020
11002222
20210202
00002211
22021220
11222121
12020000
02102011
02221001
12221022
02002122
10121001
10222100
01020221
12200220
01102222
10012020
00020200
00221222
02120000
01002002
10201001
00002012
22212011
21022120
22220212
20012101
00112020
12112221
21212222
11100021
22120102
01020022
02200000
20101220
00000121
10100000
12012001
12020202
21001021
20112122
20001000
01022220
00012201
10012222
22200102
02112001
12112022
22022111
02120202
21122211
22101201
00112222
11102020
02200202
00012002
10100202
10221020
00002120
02022211
21202211
20001202
02210021
21102101
10110021
21122012
22101002
20102111
20221101
11002201
21220200
20011021
10002211
20220210
21120121
12102011
12221001
02002101
02022012
12002122
21202012
20120100
11020221
01102201
11102222
10020200
00102211
00221201
10221222
22121220
02020121
12120000
21200121
11002002
02102122
10002012
20200100
01120221
02212020
22021000
10112020
00120200
21212201
01020001
20212211
22201220
11020022
12200000
01102002
00020011
10000121
00102012
00221002
01200221
21122120
22212122
20112101
00200200
11022220
10012201
01120022
00100121
12112001
12120202
21212002
21101021
02022120
21202120
20212012
20101000
01122220
02212222
00112201
22021202
10112222
01200022
22122111
01022000
02001021
12200202
20210121
10012002
00022010
10002120
12022211
01202220
12210021
21022102
22202111
00112002
00102120
20022112
02122211
00210221
20101202
12002101
12022012
22220100
11102201
22010020
01022202
02202211
20111021
10102211
10221201
20212120
00022212
12020121
02102101
21220011
02122012
12102122
00210022
11120221
12212020
02220200
10120200
21021221
11020001
02120121
00212220
11102002
20021200
10020011
02202012
10102012
10221002
00002102
22212101
11200221
22121000
10200200
22010222
01120001
11120022
02200121
00120011
10100121
00020122
12022120
21222010
21021022
22201000
20001121
02212201
11122220
12212222
10112201
21000220
01200001
11200022
00200011
11022000
12001021
02122120
10022010
11202220
22121202
00001221
01122000
02212002
02101021
02202120
10112002
00122010
10102120
12122211
22000211
10210221
21222212
22201202
21122102
01202000
20122112
00202010
00001022
22211021
11022202
12202211
10022212
12102101
20010220
12122012
01220020
02022102
00210001
22000012
21202102
10210022
20202112
22110020
12220200
01122202
00122212
12120121
22002210
10212220
21220122
12202012
10002102
22021121
01202202
22010201
00202212
21121221
11120001
02220011
12200121
20121200
10120011
00020101
10020122
00102102
01212021
21021001
01220222
00212000
20021011
12212201
22110222
02021221
21201221
11200001
20201200
10200011
00120122
22010002
12122120
21121022
22000120
20212102
20101121
21100220
10001221
22012200
00200122
01022121
11122000
12212002
12101021
21000000
02222010
12202120
02021022
21201022
10122010
00022100
20000010
02000220
00212202
00101221
11202000
22222112
00001001
10202010
10001022
22100211
20211221
11220020
12022102
10210001
00101022
11122202
21000202
02222212
10122212
20000212
20110220
21220101
02122102
22100012
20220111
21010021
11202202
20010000
20211022
10202212
22102210
22221200
12220011
10020101
02202102
10102102
11212021
01220201
22121121
11220222
10212000
00220211
00021020
22110201
12021221
02220122
00120101
10120122
21121001
22020010
21222100
22201121
20121011
20222110
20021122
21012020
02121221
20010202
01220002
00200101
00220012
10200122
11022121
22110002
02021001
12222010
12021022
22100120
21201001
10022100
20201011
12000220
01222200
02201221
10212202
10101221
00222210
00021222
22112200
01122121
21100000
02121022
10001001
00122100
20100010
22012011
02100220
22020212
21012222
01202121
02000000
02201022
00101001
10101022
00202100
12222212
22210220
12122102
22000102
00220120
21100202
21221020
20211001
20100212
12202102
21110021
11220201
02000202
20110000
10220211
10021020
21002211
02220101
12220122
10120101
02010021
22221011
00212121
20021101
00121020
12121221
21020200
21221222
11220002
20020210
10200101
10220012
12021001
22120010
21002012
20121122
00201020
21112020
11222200
12201221
20110202
00021201
10222210
10021222
11122121
02121001
21000121
12121022
02222100
22200010
10122100
20000100
20201122
02012020
12100220
00121222
21012201
20012211
22001220
01222011
11202121
12000000
02201001
12201022
10101001
10202100
00021002
22112011
01000221
22012122
22120212
00000200
00201222
21112222
02100000
10220120
21012002
21002120
22200212
20012012
02012222
22100102
01000022
22210000
12000202
20010121
01002220
12220101
12010021
22002111
02100202
10212121
02221020
10121020
21102211
21221201
00010221
20221211
02110021
22020100
22221122
20121101
10201020
21120200
22210202
02002211
10021201
20012120
20120210
00220102
12121001
21020011
12222100
21102012
21221002
00010022
20201101
20221012
12012020
02020200
21200200
02221222
00121201
10121222
20200210
11222011
00012220
21100121
12201001
02002012
10021002
20100100
22012101
11000221
02112020
10000200
00201201
21112201
10201222
20112211
22101220
02000121
12100000
01222122
00121002
01100221
22112122
21022010
22001000
00100200
02012201
12012222
01000001
11000022
00000011
00201002
21112002
21102120
20112012
20221120
21210221
02112222
11002220
20210200
01100022
02012002
12100202
20110121
12221020
02002120
10010221
01102220
21022212
22001202
00221220
12110021
21210022
22102111
22221101
01002000
00002010
22011021
12002211
00110221
22220210
10220102
21212220
22120100
01020020
00010001
21002102
10010022
20002112
12020200
02102211
02221201
12221222
10121201
20112120
10012220
21120011
21020122
12002012
22200100
00110022
12112020
02120200
01002202
10201201
00002212
22212211
00112220
02020011
12000121
01222101
21200011
11222122
02102012
02221002
00222111
10121002
22112101
01012021
11100221
01020222
02200200
00012000
10100200
12012201
21001221
11000001
02100121
20001200
10000011
10201002
21122010
22212012
22101000
20012102
02112201
12112222
01100001
11100022
00100011
00000122
22210121
12012002
02022010
12002120
21202010
21001022
11102220
00012202
10221220
21210001
02112002
11002000
02102120
22022112
20210011
10002010
02210221
10110221
21122212
22101202
20011221
11020020
01221021
10010001
01102000
00102010
00221000
22111021
12102211
12221201
22212120
02022212
21202212
21020101
01120020
02210022
00110001
21102102
10110022
20020111
20102112
20221102
12120200
21212000
11002202
20212010
20011022
10002212
02212220
22021200
10112220
12020011
11222101
21120122
12102012
12221002
01200020
02002102
10222111
11012021
01020201
11020222
12200200
01102202
10012000
00020211
00102212
00221202
02120011
12100121
02020122
21200122
01112021
01120222
21022100
22001121
00112000
20022110
12112201
21212202
21101221
11100001
01020002
20212212
02200011
20101200
10100011
00000101
00020012
10000122
12022010
21001001
01200222
20112102
20001011
01022200
02001221
10012202
00022210
00100122
12112002
02122010
12102120
21101022
00210020
12210221
00112202
11221021
01002121
11102000
22122112
02202010
02001022
20210122
10102010
10221000
00002100
12022212
22010220
02210001
20111221
11120020
12210022
10110001
22202112
00020120
21220211
02122212
21021020
20011001
00210222
12212220
21120101
11200020
12002102
20120111
11020201
11102202
10020211
02202212
20111022
10102212
10221202
22121200
12120011
02020101
12020122
21200101
02102102
21220012
20200111
11112021
01120201
11120222
02212000
22021011
00012121
10112000
00120211
21222210
21021222
22201200
11020002
12200011
02120122
10000101
10020012
01200201
21122100
22212102
22101121
11200222
00200211
20122110
00001020
11022200
12001221
01120002
10022210
02200122
00100101
00120012
10100122
12122010
21101001
02022100
22000010
21202100
10210020
20101011
20202110
20001122
01122200
02212202
02101221
10112202
00122210
01200002
00200012
01022011
11002121
02001001
21220120
12202010
12001022
20210101
10002100
01202200
00202210
00001222
22211221
12210001
01102121
02101022
10020120
00221121
00102100
12122212
01220220
00210201
22000212
10210222
22110220
22220111
00120120
21212121
22010000
21121020
22211022
12202212
20111001
20212100
12020101
12102102
00210002
00200120
11120201
12212000
02220211
10012121
02021020
10120211
21201020
01212221
21021201
02120101
12120122
00212200
20021211
11200201
22121011
00112121
22222110
22021122
10200211
10001020
22010202
21121222
11120002
02200101
02220012
12200122
10100101
10120012
00020102
12022100
01212022
21021002
22201011
20001101
00101020
20021012
11122200
12212202
12101221
21000200
02222210
02021222
21201222
10122210
11200002
20000210
10200012
11022011
12001001
02122100
22100010
20101122
11202200
00001201
20211020
10202210
10001222
01122011
11102121
02101001
01022122
12101022
02202100
10221121
10102100
11220220
10210201
00101222
01202011
02220120
10120120
00001002
22211001
22100212
20021120
21010221
20010200
01220000
20211222
10210002
00220010
10200120
22110000
12220211
12021020
11212221
12120101
10212200
21220102
00021220
20220112
02212121
21010022
22021101
10112121
02121020
21121201
22020210
12200101
20121211
12220012
10020102
21012220
01212001
11212022
01220202
22121122
00212011
02201020
10101020
00220212
22110202
02021201
12222210
12021222
21201201
20201211
00120102
12122100
21121002
22000100
22201122
20101101
20121012
21100200
02121222
10001201
20100210
22012211
00200102
11122011
01022101
12101001
21000011
11022122
12202100
02021002
00022111
21201002
20201012
02000200
02201222
00101201
10101222
11202011
12220120
01122122
10001002
22012012
21221220
20211201
11220000
01202122
10220010
00101002
22010121
21002010
20121120
21110221
20110200
10021220
21010001
12212121
12121020
20010011
20211002
02010221
20201120
22221211
00121220
11212001
21110022
22121101
01021021
11220202
10212011
12201020
10220212
00021000
12021201
22012120
22120210
21002212
02220102
00201220
10120102
21112220
02010022
21222111
22201101
22221012
00212122
20021102
21012000
02121201
12121222
22200210
20012010
02012220
10200102
11022101
12021002
22100100
01000020
10022111
01222211
12000200
02201201
12201222
10101201
00021202
22112211
01122101
21100011
11122122
02121002
21000122
00122111
02100200
21012202
20012212
02000011
01202101
01222012
11202122
02201002
00202111
10101002
22112012
01000222
22221120
22210200
01220121
00220100
22110121
21102010
21221000
00010020
12010221
20221010
02221220
10121220
21110001
11021021
20110011
02002010
20010122
10021000
02110221
12220102
10201220
02010001
12010022
01121021
01222120
00212101
22002112
10212122
00121000
12121201
21020211
22112120
21102212
21221202
00010222
20221212
12012220
02110022
11000020
01201021
20121102
00201000
21112000
11222211
12201201
02002212
20112010
10021202
02112220
11122101
21000101
02222111
12121002
01100020
21020012
10122111
20000111
20201102
02012000
12100200
00121202
21022210
22001200
12000011
11202101
11222012
21100122
12201002
10202111
01000201
21210020
22012102
11000222
00000211
00201202
21112202
11220121
20112212
02100011
02000122
10220100
01100222
21002100
10010020
00211021
20002110
02012202
12221220
01000002
00000012
22210011
21020120
12002010
20010101
00110020
12110221
21210222
01002200
00002210
22011221
12010001
11121021
11222120
02102010
10212101
02221000
20110122
00021121
10121000
01020220
00010201
10010222
02110001
12110022
22020111
11201021
22102112
22221102
10201000
21012121
21120211
22212010
22011022
12002212
00110222
20012100
12112220
12222111
11100020
00010002
00000120
12012000
02020211
21200211
02102212
21001020
02221202
10121202
01012221
00012200
21100101
21120012
20100111
11000201
02112000
22022110
10000211
10201202
21122210
22212212
22101200
12100011
02000101
02020012
12000122
01222102
21200012
00222112
01100201
22112102
01012022
11100222
22001011
10211021
00100211
12012202
02022210
21202210
21001222
11000002
02100122
10000012
02210020
21221121
21102100
10110020
20102110
20221100
21210201
02112202
11002200
20210211
20011020
01100002
10002210
00100012
21120120
22210122
12102010
20110101
12221000
02002100
10021121
11020220
01221221
10010201
01102200
00102210
00221200
22111221
12110001
21210002
01002011
02020120
21200120
00121121
20210012
22011001
01120220
02210222
00110201
10110222
21212200
22120111
01020000
20212210
20011222
01221022
10010002
00020010
10000120
00201121
21112121
12020211
22111022
12102212
12221202
01200220
20112100
11012221
10012200
21020102
22200111
00110002
00100120
20020112
02012121
12112000
02120211
21101020
01112221
00112200
12000101
12020012
11222102
10222112
01012001
11100201
11012022
01020202
02200211
22122110
00012011
02001020
10100211
20210120
00020212
12022210
21001201
02100101
02120012
12100122
20001211
12210020
01112022
22101011
22202110
22001122
12112202
02122210
21101222
00210220
11100002
02200012
10100012
00000102
22210101
12002100
21001002
20001012
11221221
11102200
02202210
02001222
20111020
10102210
10221200
11002011
12020120
02221121
02102100
21220010
10121121
02210201
11120220
12210222
10110201
21021220
20011201
11020000
01102011
02120120
01221001
11221022
01002122
10020010
00221011
10201121
22111001
22212100
11200220
01120000
02210002
20111222
02200120
10110002
00120010
10100120
12012121
12120211
21212011
21220212
20011002
11112221
20001120
02212200
22021211
10112200
21120102
01200000
20120112
11012001
00200010
02112121
11020202
12200211
10012011
12001020
10020212
12100101
12120012
02020102
21200102
00001220
01112001
20200112
11112022
21022111
01120202
22001101
00112011
02101020
22021012
00012122
00120212
12122210
21101201
22000210
10210220
20101211
12200012
10000102
01200202
22101122
00200212
01022211
02001201
22211020
12202210
12001222
00100102
01210021
12221121
12102100
21101002
00210000
12210201
20101012
02101222
11102011
12120120
11221001
01002101
01022012
11002122
02001002
10221011
20210102
00002111
22021120
22010200
21121220
22211222
20111201
01020121
11120000
12210002
02220010
12200120
01102122
10120010
00020100
00221122
01212020
21021000
00210202
20021010
12212200
02021220
21201220
11200000
22220112
10200010
12112121
21212122
20111002
20101120
22121211
12020102
10001220
11112001
02212011
11120202
01022120
10112011
12101020
02220212
00012101
10012122
10120212
01212222
21021202
22201211
02120102
00101220
20021212
21122111
22101101
01001021
11200202
22121012
00112122
10200212
00001000
11022211
12001201
22100210
02200102
10100102
11210021
02022111
20211220
21202111
10210000
22201012
20001102
01122211
02101201
12101222
11002101
11022012
21220100
12001002
10002111
20220110
21010020
01202211
00001202
22211201
11020121
01102101
12220010
01122012
11102122
02101002
10020100
00102111
00221101
10221122
11212020
01220200
22121120
00011021
10210202
00220210
22110200
12021220
01120121
01202012
00120100
22010011
21212101
21121000
22211002
20212111
22201120
20121010
21010222
02121220
01200121
00200100
12212011
11022120
12220212
10012101
02021000
21201000
01212201
20201010
11212222
00212211
02201220
12120102
10101220
11001021
01122120
02212122
00112101
22021102
10112122
10001000
22012010
21121202
12200102
20121212
12022111
01212002
01101021
01202120
00212012
00101000
11122211
12101201
21000211
02021202
21201202
20201212
02122111
00210121
20101102
21211021
11202211
20211000
10001202
22012212
11102101
11122012
01022102
02202111
12101002
21000012
10102111
10221101
00022112
21110020
11220200
10011021
10220210
00101202
11120121
21002210
02220100
11202012
10120100
02010020
21021121
00111021
22221010
00212120
20021100
21010201
12121220
20010211
01220011
11200121
20211202
10200100
22110011
22010122
12021000
11212201
21110222
01021221
10212211
12201220
00021200
02212101
21010002
11122120
12212122
10112101
02121000
21000120
20010012
02010222
22221212
21012200
11212002
11101021
20012210
01222010
11202120
22121102
01021022
02201000
10212012
00001121
10101000
22112010
12021202
01000220
12122111
22000111
10210121
21222112
22201102
21100211
02121202
11022102
12202111
10022112
02000211
01222212
20010120
02201202
10101202
22112212
12220100
01122102
21100012
00122112
12010020
02211021
10111021
22002110
10212120
21102210
21221200
11220011
00010220
02000012
01202102
20221210
22010101
00202112
02110020
21121121
20121100
21110201
11021221
20110211
02002210
10021200
01220122
12212101
22110122
02021121
12121000
21020010
21201121
02010201
20201100
12010222
01121221
00121200
21110002
01021001
11222010
11021022
21100120
12201000
20110012
00021011
10001121
02110222
22012100
11000220
01201221
00201200
21112200
20112210
02010002
01121022
02000120
00212102
00101121
21012011
12121202
01100220
21020212
02012200
22100111
01000000
01201022
00000010
12000211
11222212
12201202
20211121
21210220
11122102
21000102
02222112
10122112
20000112
12211021
02100211
20110120
10010220
00211221
12000012
11202102
10202112
12110020
01000202
22102110
22221100
00000212
22210211
22011020
12002210
00110220
01220101
11220122
02100012
00220111
22110101
01010021
12021121
21221011
00010000
00211022
12010201
11121221
02102210
02221200
10121200
11021001
02121121
21120010
22210012
10021011
20010102
02110201
12110222
11201221
10201200
22212210
22011222
12010002
01121001
11121022
02020010
12000120
01222100
02201121
21200010
10212102
00121011
10101121
00222110
00021122
22112100
01012020
11100220
00010202
12012200
21001220
02110002
11000000
02100120
22020112
01201001
11201022
10000010
00201011
21112011
21012122
21120212
02112200
01100000
12222112
00100010
02012011
12100211
22210120
02020212
21200212
01012222
22001211
10211221
21100102
20100112
21210000
11000202
20210010
10000212
02210220
10110220
11220101
12100012
02000102
10220111
11010021
20011220
21002111
01100202
01221020
10010000
00211001
22001012
10211022
00100212
22111020
12102210
12221200
01110021
12121121
21020100
00110000
21221122
20020110
12110201
21210202
01002211
20210212
22011201
11121001
12020010
11222100
02221011
12201121
10121011
20110102
00021101
10222110
10021122
11012020
01020200
01221222
10010202
00020210
22111222
12110002
02120010
12100120
11201001
01002012
10201011
00121122
21012101
01112020
22011002
20012111
22001120
00110202
12112200
21101220
01000121
11100000
22120112
02200010
10100010
00000100
12012011
00201122
21112122
12020212
21001000
01012201
20001010
11012222
00012211
02001220
22200112
02112011
02012122
02120212
12210220
01112222
22101211
12000102
01012002
11100202
11221020
01002120
10211001
02200212
00012012
10100212
21001202
02100102
20001212
11110021
02210000
20111220
21102111
21221101
00010121
10110000
22101012
20221111
21011021
11002211
21220210
20011000
21120100
12221011
22210102
02002111
10021101
20120110
11020200
01102211
01221201
11221222
10020210
00221211
22111201
12120010
02020100
11002012
21200100
02221122
00121101
10121122
20200110
11112020
01120200
02210202
22021010
10110202
00012120
00120210
21212211
01020011
11000121
20011202
12200010
01102012
01221002
10000100
00201101
21112101
00221012
10201122
22111002
01200200
20112111
22101120
11012201
00200210
10012211
12001220
01100121
00100100
12112011
02012101
12012122
12120212
21212012
21101000
01112201
20101010
11112222
00112211
02101220
22021212
21210121
11012002
02112122
01022010
11002120
12200212
02001000
10012012
20210100
12100102
22211220
12210000
01112002
10010121
01102120
21022112
22001102
00112012
00221120
01210221
21101202
00210200
20101212
12002111
00110121
22220110
21111021
11102211
11221201
21212120
01022212
02001202
20111000
10221211
12020100
01210022
02102111
02221101
12221122
10121101
02011021
11120200
12210202
02220210
10012120
10120210
01212220
21021200
11020011
02120100
11102012
11221002
01002102
20021210
10201101
10221012
00002112
22212111
11200200
22121010
00112120
10200210
01120011
11100121
20111202
01020122
02200100
10100100
12012101
21001121
22201010
11112201
20001100
02212211
10112211
12101220
01200011
02112101
12112122
11022010
12001000
01001221
22121212
00001200
11112002
01122010
11102120
02212012
02101000
10112012
00012102
10221120
11210221
10210200
22201212
02210121
10110121
21122112
01202010
22101102
01001022
11022212
22211000
12001202
20011121
21010220
01210001
11210022
12102111
12221101
02022112
00210011
21202112
12011021
12220210
01122212
02101202
11212220
00011221
12120100
11002102
10002112
02111021
02212120
22021100
10112120
01202212
22010211
21121200
22211202
11120011
01020101
11020122
12200100
01102102
20121210
00020111
00102112
00221102
01212000
21021011
00212010
00011022
12212211
02021200
21201200
11200011
01120122
20201210
12112101
22010012
21212102
21101121
20212112
20101100
11001221
10001200
01200122
22012210
11122010
12212012
01022100
02001121
12101000
21000010
10012102
00022110
01212202
01101221
00212212
00101200
12210121
01001001
11202010
11001022
00112102
00001011
21211221
11210001
12022112
20211200
10210011
01101022
22010120
11122212
12101202
21000212
20111121
21110220
10011221
21220111
02122112
00210122
12111021
21010000
12212120
21211022
11202212
20010010
02010220
11020101
00111221
22221210
11102102
10020111
02202112
10102112
10221102
11212000
01220211
22121100
01021020
00011001
10212010
10011022
22110211
12021200
01120101
11120122
00120111
21121011
21222110
21021122
22201100
00111022
21010202
02121200
20010212
01200101
01220012
11200122
00200111
22110012
11022100
02021011
12001121
21201011
10022110
11212202
11101221
01222210
01021222
02201200
10212212
10101200
22112210
11001001
01122100
02212102
02101121
21100010
10112102
10001011
00122110
01101001
11101022
02000010
01202100
00101011
00202110
00001122
22211121
12122112
01220120
00210101
22000112
10210122
22110120
21211001
21100212
20211011
12010220
02211221
10111221
12202112
21110000
11220211
11021020
10011001
02000212
20110010
02110220
11120101
02220111
10120111
01212121
02010000
21021101
01121020
02211022
00111001
10111022
00212100
20021111
12121200
21020210
11200101
11220012
10200111
12021011
22010102
21121122
01201020
21110202
01021201
11222210
11021222
12201200
20110212
00021211
11122100
12212102
02121011
12101121
21000100
02222110
02021122
21201122
10122110
20000110
02010202
01121222
21012211
11101001
12000010
11202100
01021002
02201011
10101011
00001101
10202110
00021012
10001122
01000200
01201222
00000210
11220120
02100010
10210101
00101122
21012012
00211020
12211221
22100112
21010121
22210010
12000212
20010100
20211122
12110220
12220111
22011220
11212121
12010000
02211001
11121020
12211022
10111001
02100212
10212100
00021120
01010221
21221211
00010200
00211222
02110000
21121101
22020110
11201020
20121111
11021201
21012120
21120210
22210212
10021211
01220102
00220112
12121011
22110102
01010022
02021101
12222110
12021122
21201101
21221012
20201111
12010202
01121201
11121222
02020210
21200210
00121211
01012220
11021002
21100100
12201011
02121122
10001101
10021012
20100110
22012111
02110202
11000200
01201201
11201222
10000210
00201211
21112211
12100010
01121002
02000100
02201122
00101101
00121012
10101122
01100200
22001010
10211020
00100210
02012211
01000011
01201002
00201012
21112012
21221120
20211101
21210200
20210210
21110121
12211001
02012012
12100212
20110100
10021120
11010221
01221220
10010200
00211201
22001212
10211222
22111220
02010121
12110000
22221111
01002010
00121120
01110221
22011000
00110200
11220102
10220112
01010001
11010022
12021101
22120110
00010011
21002112
00211002
00201120
11121201
21112120
12020210
02221211
10121211
11012220
01110022
02121101
12121122
22200110
12110202
02012120
02120210
11201201
01002212
10201211
01112220
22011202
01222111
11121002
12000100
02201101
02221012
12201122
10101101
10121012
00021102
22112111
01012000
11100200
02200210
00012010
10100210
12012211
21001200
11000011
02100100
11201002
20001210
10201012
21012102
22101010
20012112
02112211
01100011
01000122
12012012
22210100
01012202
11221220
10211201
00012212
12010121
21210011
02112012
11002010
02221120
10121120
11110221
02210200
10110200
22101212
21011221
11010001
02110121
20011200
10010011
01102010
01221000
10211002
00221010
10201120
22111000
12221211
01110001
11110022
12121101
21020111
00110011
21102112
21221102
00010122
20221112
12012120
12120210
21212010
21011022
11002212
11112220
22021210
11222111
12201101
12221012
02002112
10021102
11012000
01020211
02112120
12200210
01102212
01221202
10012010
00221212
22111202
12100100
00121102
01112000
21022110
22001100
00112010
12112211
21212212
21101200
11100011
01000101
01020012
11000122
20101210
00000111
00201102
21112102
21001011
20112112
11012202
01022210
02001200
10012212
01100122
12112012
01210020
02012102
12221120
12210200
01112202
00112212
12110121
21210122
11102010
11221000
01002100
10221010
00002110
22011121
21111221
11110001
02210011
20111200
01020120
10110011
00010101
10010122
21011001
01210222
20011011
02011221
21120111
12002112
00110122
11020211
12112120
21111022
11102212
11221202
10221212
22121210
02020111
21200111
02102112
02221102
10121102
01012121
11112000
01120211
02212010
02011022
10112010
00012100
11000101
22201210
11020012
10000111
10201102
01200211
21122110
22212112
22101100
01001020
11022210
12001200
01100101
01120012
11100122
00100111
11210020
12012102
21101011
02022110
21202110
21001122
11112202
01122210
02212212
02101200
10112212
01200012
21210101
02112102
11002100
02001011
20210111
10002110
01202210
01001222
22211200
12210011
11020120
01221121
10010101
01102100
00102110
00221100
01210201
22111121
11210222
00210211
00011020
12011221
01120120
02210122
00110101
10110122
21111001
22010010
21212100
20111011
20212110
20011122
02111221
12020111
01210002
12102112
12221102
01200120
00210012
11012121
11120211
02011001
12212010
12011022
10012100
01212200
21021211
02120111
00212210
00011222
01112121
11200211
02111022
11001020
00112100
22010212
11100101
11120012
01020102
02200111
10100111
00020112
12022110
21001101
01101020
21021012
20001111
11122210
12212212
12101200
21000210
11200012
12112102
12001011
02122110
21101122
00210120
01001201
21211020
11202210
11001222
00001211
11221121
11102100
02101011
02202110
02001122
10102110
10221100
11210201
10210211
01101222
10011020
02210101
11120120
12210122
10110101
01001002
00001012
22211011
21021120
20011101
00111020
12111221
21010200
21211222
11210002
20010210
01220010
11200120
10210012
12011001
22110010
20111122
11212200
01021220
12120111
00011201
10212210
10011222
21220112
11112121
02111001
12111022
02212100
22021111
10112100
21121211
11020102
00111222
12200111
10020112
01212011
11101020
01220212
00011002
00001120
22110212
02021211
21201211
01120102
00120112
12122110
21101101
21121012
22000110
10210120
20101111
11001201
21100210
10001211
01200102
00200112
01022111
12101011
02001101
12202110
02021012
12001122
21201012
01101201
11101222
02000210
00101211
12210101
11001002
02101122
10001012
02211020
10111020
21211201
20211211
11220010
01101002
00101012
22010100
21121120
22211122
20111101
21110200
11021220
10011201
20110210
00210102
12111001
21010011
12212100
21211002
02021120
21201120
20211012
02010200
01121220
02211222
00111201
10111222
11212011
22121111
11220212
01021000
10011002
00021010
10001120
12021211
01201220
11120102
02220112
10120112
01212122
21021102
22201111
00111002
00101120
20021112
21012010
02121211
11200102
10200112
11022111
12001101
12021012
22100110
11101201
12000210
01021202
02201211
10101211
20211120
00021212
01122111
02101101
02121012
12101122
12211020
02100210
21012212
00211220
01202111
11101002
02201012
10101012
00001102
22211101
22210210
01220100
10210102
00220110
22110100
01010020
12021120
21221010
12010200
02211201
11121220
12211222
10111201
21110011
21010122
11021000
02121120
10021010
02110200
11201220
12220112
02010011
01212101
11212122
01121000
02211002
00212111
02201120
10111002
00121010
10101120
12121211
01010222
21221212
21121102
01201000
20121112
00201010
21112010
11021202
12201211
10021212
11122111
12101101
21000111
12121012
02021102
21201102
20201112
02012010
12100210
01121202
00121212
22001210
10211220
11202111
12201012
10001102
01000211
22012112
01201202
00201212
21112212
11220100
10220110
00101102
11010020
01211021
21002110
00211000
12211201
02012212
01000012
21010101
01110020
12121120
20010111
20211102
12110200
01002210
22011200
12010011
11212101
21110122
01021121
11121000
12211002
10212111
02221010
12201120
10121010
00021100
01010201
11010222
00010211
00211202
02110011
02010122
11201000
22221112
10201010
01110222
21012100
20012110
01010002
12021102
01000120
00010012
12012010
11121202
02221212
10121212
01012200
00012210
21100111
02121102
11000211
02112010
11201202
10201212
22101210
02000111
01222112
02201102
10101102
11211021
01100211
22112112
10211000
12012212
11000012
11110020
21102110
21221100
00010120
20221110
21210211
02112212
21011020
11002210
01100012
21110101
11021121
20110111
12221010
02002110
10021100
11010201
10010211
01102210
01221200
10211202
00221210
22111200
12110011
02010101
12010122
01121121
21210012
00121100
01110201
11110222
22011011
00110211
21212210
21011222
11010002
02110122
01020010
11000120
01201121
10010012
00201100
21112100
12221212
20112110
11012200
01110002
10012210
12121102
01100120
21020112
00110012
12112010
02012100
01112200
00112210
12000111
11222112
12201102
01012011
11100211
21210120
01020212
21001211
02100111
10010120
00211121
12112212
01210220
11100012
01000102
00000112
22210111
12002110
00110120
21001012
21111020
11102210
11221200
10221210
12010101
11121121
02102110
02221100
10121100
11110201
02210211
02011020
10110211
21011201
02110101
12110122
20011211
11020010
01221011
11201121
10201100
22111011
22212110
22011122
21111222
11110002
01120010
11100120
02210012
10110012
00010102
12012100
21011002
21001120
20011012
11112200
02212210
02011222
10112210
21120112
01200010
11012011
02112100
11020212
01001220
12100111
02020112
21200112
01112011
01012122
01120212
22001111
10211121
11210220
21101211
11000102
10000112
02210120
10110120
01200212
02001211
20011120
01100102
00100112
01210000
12102110
12221100
21101012
00210010
12210211
12011020
12110101
11221011
21210102
00011220
01002111
02001012
20210112
22011101
02111020
21111201
22010210
20111211
11120010
12210012
01020100
01221122
10010102
00020110
01210202
22111122
21021010
00210212
02011201
12212210
12011222
11200010
00110102
12112100
21111002
21101120
20111012
02111222
11001220
12020112
11112011
01012101
11012122
11120212
02011002
00012111
02001120
01101220
21021212
02120112
12210120
01112122
22101111
11200212
01001000
00001010
12001211
11100102
02200112
10100112
21211220
11210000
21001102
10210010
20001112
02101211
20111120
10011220
11002111
21220110
12001012
12111020
01001202
00001212
22211211
11020100
00111220
01102111
01221101
11221122
02101012
10020110
00221111
22111101
01011021
11210202
01220210
10210212
00011000
12011201
22110210
01120100
02210102
10110102
00120110
21212111
21121010
22211012
20011102
02111201
12111222
01200100
11012101
00200110
12011002
10012111
02021010
12001120
21201010
01212211
11101220
12120112
00011202
01112101
11112122
02111002
11001000
00112111
02101120
22021112
10001010
21121212
12200112
01212012
01101000
00101010
12101211
22211120
02021212
21201212
01210121
21101102
00210100
20101112
21211000
11001202
20211010
10001212
02211220
10111220
11102111
11221101
01022112
12101012
02001102
10221111
11011021
11220210
01101202
10011000
00101212
11120100
12210102
02220110
10120110
01111021
01212120
21021100
00111000
20021110
12111201
21010211
21211202
11200100
20211212
10200110
12021010
20111102
11212211
01021200
10011202
00021210
11112101
02212111
12111002
21010012
10112111
02121010
12101120
00111202
21012210
11212012
01001121
11101000
22121112
02201010
10101010
00001100
12021212
11210121
10210100
22201112
02121212
12211220
11022112
12001102
21010120
11101202
02201212
10101212
12220110
01122112
02101102
11111021
11212120
02211000
00011121
10111000
01010220
21221210
01202112
22010111
21121100
22211102
20121110
21110211
11021200
10021210
12212111
12121010
02021100
21201100
02010211
20201110
01121200
02211202
10111202
00121210
21110012
01021011
11001121
12201010
10001100
22012110
01201200
00201210
21112210
02010012
01212102
01101121
00212112
00101100
12121212
02012210
01000010
21211121
12201212
20211100
11122112
12101102
21000112
21110120
12211000
10011121
11010220
01211221
00211200
11202112
02010120
01000212
00111121
22221110
01110220
01220111
22110111
01010000
12021100
01211022
00010010
12010211
11121200
12211202
02221210
10121210
11021011
21010102
02121100
20010112
02110211
11201200
10201210
12010012
11212102
01121011
11101121
01222110
01021122
02201100
10212112
10101100
01010202
22112110
00010212
12012210
02110012
11000010
01201011
02112210
01100010
11211221
10211200
21100112
12010120
02211121
21210010
11000212
10111121
11110220
11220111
02000112
21011220
11010000
02110120
01211001
11211022
01100212
10010010
00211011
12221210
01110000
12121100
21020110
00110010
12110211
21210212
22011211
11121011
21110102
01021101
11222110
11021122
12201100
20110112
00021111
11010202
01020210
10010212
12110012
02010102
11201011
01121122
21012111
01110202
22011012
00110212
12112210
11100010
01000100
01201122
00000110
21001010
01012211
12211121
12000112
12110120
11211001
01012012
11100212
10211011
22011120
21001212
02100112
21111220
01010121
11110000
02210010
21221111
10110010
00010100
00211122
21011000
20011010
02011220
11021101
21120110
22210112
10021111
11020210
01221211
22111211
12010102
01121101
11121122
02020110
21200110
00121111
11110202
01012120
01120210
02210212
10110212
21011202
02110102
11000100
20011212
01201101
01221012
11201122
10000110
00201111
21112111
22111012
01200210
11012211
01100100
00100110
02012111
21101010
01112211
11012012
21210100
02001010
20210110
12100112
11010121
12210010
01112012
01221120
10010100
00211101
22001112
10211122
01210200
22111120
21101212
00210210
12011220
01110121
00110100
21111000
11221211
02001212
20111010
02111220
11121101
12020110
02221111
10121111
11012120
11120210
12210212
02011000
21021210
12110102
02120110
11201101
11221012
01002112
10201111
01112120
22011102
11200210
21111202
11100100
20111212
02200110
10100110
12012111
21001100
11112211
20001110
02011202
02112111
12001010
01001200
00001210
11112012
01012102
11221120
02101010
10211101
00012112
11210200
10210210
11110121
02210100
10110100
22101112
21011121
22211010
12001212
20011100
12111220
01210011
12221111
12011000
02101212
01011221
12120110
00011200
11002112
11112120
02111000
22021110
21121210
22211212
01020111
12200110
01102112
01221102
00221112
01212010
22111102
01011022
12011202
02021210
21201210
12112111
21212112
21101100
20101110
02111202
11001200
10001210
11012102
01022110
12101010
02001100
10012112
01212212
01101200
00101210
12210100
01112102
01001011
00112112
21211200
11210011
20211210
21111121
12101212
20111100
11011221
10011200
01210122
02011121
12111000
21010010
01111221
11020111
00111200
11102112
11221102
10221112
01011001
11212010
11011022
22121110
00011011
12021210
01120111
01111022
22201110
12111202
21010212
02121210
01200111
11022110
12001100
11212212
11101200
02201210
10101210
11112102
11001011
01122110
02212112
02101100
10112112
01101011
01202110
01001122
22211100
01210101
11210122
00210111
12011121
21211011
11111221
02211200
10111200
11011001
02111121
21110010
10011011
11120111
01111001
11111022
02010010
01212100
21021111
00111011
00212110
00011122
12121210
11200111
22010112
21110212
01021211
12201210
11122110
12212112
12101100
21000110
02010212
11101011
01001101
11202110
01021012
11001122
00001111
01000210
11210101
10210111
01101122
01211020
12211200
12111121
21010100
21211122
20010110
11111001
12010010
11212100
02211011
01021120
10111011
00011101
10212110
10011122
01010200
01211222
00010210
02110010
21121111
00111122
11021211
01220112
22110112
02021111
21201111
12010212
01121211
11001101
11021012
21100110
10001111
02110212
11000210
01201211
01101101
01121012
11101122
02000110
00101111
11211020
01100210
01201012
21211101
20211111
21210210
21110100
12211011
11021120
10011101
20110110
11010200
01211201
11211222
10010210
00211211
12110010
02010100
01121120
02211122
00111101
10111122
01110200
22011010
00110210
11220112
01010011
12021111
01211002
01201120
00211012
11121211
02121111
12110212
11201211
22011212
11101101
11121012
12000110
01021102
02201111
10101111
00021112
01012010
11100210
21001210
02100110
11201012
21012112
00211120
22210110
11211201
01012212
10211211
12010100
02211101
11121120
12211122
10111101
11110200
02210210
10110210
21011200
11010011
02110100
11211002
20011210
01221010
11201120
10211012
22111010
01110011
12121111
01010122
21221112
11021102
12201111
10021112
11012010
01221212
22111212
12100110
01121102
00121112
01112010
22001110
10211120
21101210
01000111
01201102
00201112
21112112
11012212
02001210
12211101
02012112
12210210
01112212
12110100
11221010
01002110
22011100
21111200
11110011
01010101
11010122
20111210
00010111
00211102
21011011
02011200
01110122
11221212
11121102
02221112
10121112
11112010
01012100
00012110
11000111
11201102
10201112
22101110
12001210
01100111
12012112
11112212
02101210
21210111
02112112
11002110
11010101
22211210
10010111
01102110
01221100
10211102
00221110
01210211
22111100
01011020
12011200
01110101
11110122
00110111
21111011
21212110
21011122
02111200
01210012
12221112
11012100
02011011
10012110
01212210
01011222
01112100
00112110
11100111
01020112
21001111
12101210
12112112
01210120
01001211
11102110
11221100
10221110
11210211
11011020
11110101
02210111
10110111
01001012
21011101
01111020
20011111
12111200
21010210
11210012
12011011
21111122
01011201
11212210
11011222
00011211
11112100
02111011
02212110
02011122
10112110
01111222
11020112
01011002
01001120
00011012
01120112
11210120
21101111
11001211
01200112
02001111
01101211
12210111
11001012
11111020
00011120
21211211
01101012
21111101
22010110
20111111
11011201
21110210
10011211
01210102
00210112
12111011
02011101
12212110
12011122
21211012
01111201
11111222
02010210
00111211
11011002
02111122
01021010
11001120
10011012
11120112
01111002
01101120
21021112
00111012
11200112
12001111
11101211
21211120
01021212
02101111
10011120
01211220
11101012
01001102
00001112
22211111
00111120
11210102
01220110
10210112
12011101
22110110
11111201
12010210
02211211
10111211
02111101
12111122
11021010
02110210
01212111
11111002
01121010
11101120
02211012
10111012
00011102
21121112
01201010
11021212
12101111
02021112
21201112
01121212
11211220
11001102
10001112
02211120
10111120
01201212
11220110
01101102
00101112
01211000
00211010
12211211
12111101
21010111
21211102
20211112
12110210
22011210
11212111
11121010
12211012
01021100
10011102
00021110
01010211
01211202
00211212
11201010
00111102
21012110
01010012
12021112
11121212
01012210
02121112
12211120
11201212
11101102
02201112
10101112
11211000
10211010
01010120
21221110
21110111
11021100
10021110
11010211
11211202
01221210
10211212
22111210
02010111
01121100
02211102
10111102
00121110
01110211
11010012
01201100
00201110
21112110
11012210
01110012
12121112
02012110
01112210
12201112
11010120
01211121
00211100
01000112
01110120
11221210
12010111
11121100
12211102
02221110
10121110
11110211
21011211
02110111
11201100
10201110
11110012
01010102
00010112
12012110
21011012
11112210
02112110
11211121
10211100
11000112
11110120
21011120
01100112
01210010
12221110
01011220
12110111
21210112
22011111
21111211
11010102
01020110
10010112
01210212
02011211
01110102
00110112
12112110
21111012
01012111
02011012
01001010
11100112
11210010
21001112
21111120
11011220
02011120
01001212
01111220
11020110
01221111
22111111
11210212
01011000
00011010
12011211
11110102
01120110
02210112
10110112
21011102
20011112
02111211
01200110
11012111
12011012
01011202
00011212
01112111
02111012
11001010
01101010
01210100
21101112
00210110
12011120
21211010
11001212
11111220
11221111
02001112
11011000
02111120
01101212
10011010
11120110
12210112
01111000
21021110
00111010
12111211
21211212
11200110
21111102
20111112
11011202
01021210
10011212
11112111
12111012
02011102
01111202
00111212
11101010
01001100
00001110
11210100
10210110
12001112
12111120
11101212
02101112
01011121
11111000
02211010
10111010
00011100
21121110
22211112
11021210
12011102
02021110
21201110
11111202
01121210
02211212
10111212
02111102
11001100
10001110
01201210
01212112
01101100
00101110
21211100
20211110
12101112
11011121
12211010
10011100
01211200
00211210
01111121
00111100
01010010
12021110
11121210
12211212
12111102
21010112
02121110
11201210
11212112
11101100
02201110
10101110
01010212
11211200
10211210
11111121
02211100
10111100
11010010
01211011
01110010
12121110
21110112
01021111
12201110
11010212
02010112
01110212
01000110
12211100
11211011
11110010
01010100
01211122
00010110
21011010
11021111
12010112
01121111
11110212
21011212
02110112
11000110
01201111
01100110
21210110
11010100
01211101
11211122
10010110
00211111
01210210
01110100
00110110
21111010
11121111
02011010
12110112
11201111
22011112
21111212
11100110
21001110
02011212
01001210
11211101
01012112
10211111
11210210
11110100
02210110
10110110
21011100
20011110
12011010
01011200
00011210
02111010
01221112
22111112
12011212
21101110
02111212
11001210
11012112
02001110
01101210
12210110
01112112
21211210
21111100
20111110
11011200
10011210
12111010
02011100
01111200
00111210
11221112
01011011
12111212
12001110
11101210
11112112
02101110
22211110
01210111
12011100
11111200
02211210
10111210
11011011
02111100
01111011
01212110
01011122
12101110
01001111
11210111
12211210
12111100
21010110
11111011
01011101
11212110
11011122
00011111
01010210
01111122
11001111
01101111
21211111
11011101
21110110
10011111
11010210
01211211
01111101
11111122
02010110
00111111
01110210
01211012
11101111
01021112
01211120
11211211
11111101
12010110
02211111
10111111
11110210
21011210
02110110
11211012
11021112
01121112
11211120
01201112
12211111
12110110
22011110
21111210
01010111
01211102
00211112
02011210
11121112
01012110
11201112
11010111
11211102
01221110
10211112
22111110
12011210
01110111
02111210
11012110
01112110
11221110
11110111
21011111
12111210
01011211
11112110
01011012
01011120
21111111
11011211
01210112
02011111
01111211
11011012
01111012
11011120
01001112
01111120
11210112
12011111
11111211
02111111
11111012
01011102
00011112
11001112
11111120
01101112
01211010
12111111
21211112
11011102
01021110
10011112
01211212
01111102
00111112
11101112
11211010
11021110
11211212
11111102
01121110
02211112
10111112
01201110
01211100
00211110
11121110
12211112
11201110
01010112
11211100
10211110
11010112
01110112
01011010
11110112
21011112
01011212
01210110
11011010
01111010
21111112
11011212
02011112
01111212
01001110
11210110
11111010
01011100
00011110
12011112
11111212
02111112
11001110
01101110
21211110
11011100
10011110
01211210
01111100
00111110
12111112
11101110
11211210
11111100
02211110
10111110
12211110
01010110
11010110
01211111
01110110
11211111
11110110
21011110
01011210
21111110
11011210
02011110
01111210
12011110
11111210
02111110
12111110
01011111
11011111
01111111
11111111
01211112
11211112
01011112
11011112
01111112
11111112
01211110
11211110
01011110
11011110
01111110
11111110