43606660  324  324
00606665  162  486
40416660  108  594
50602665  108  702
10606660  81  783
20603661  54  837
01402665  36  873
42402660  36  909
60116260  27  936
11606260  27  963
10403265  24  987
40412265  24  1011
20403462  24  1035
10416260  18  1053
01412660  18  1071
21602265  18  1089
11602360  18  1107
10612360  18  1125
00116360  18  1143
02603260  18  1161
01003265  12  1173
00412361  12  1185
11003360  12  1197
40422260  12  1209
10003361  12  1221
42102460  12  1233
21612260  9  1242
12602260  9  1251
01102661  9  1260
22403230  8  1268
20403132  8  1276
01413230  8  1284
21002065  6  1290
00013261  6  1296
00012362  6  1302
11402261  6  1308
01203261  6  1314
20116300  6  1320
10103261  6  1326
40112261  6  1332
21003261  6  1338
20103262  6  1344
02003060  6  1350
01112460  6  1356
00022360  6  1362
20112350  4  1366
10013300  4  1370
00023230  4  1374
11203300  4  1378
21202061  3  1381
21012060  3  1384
21002161  3  1387
00122260  3  1390
01102602  3  1393
02002261  3  1396
02012260  3  1399
20012061  3  1402
00112262  3  1405
11012260  3  1408
11002262  3  1411
10012261  3  1414
02102160  3  1417
02203000  2  1419
10203001  2  1421
12002300  2  1423
01411220  2  1425
01101231  2  1427
10003002  2  1429
20103002  2  1431
00222300  2  1433
20113010  2  1435
00112301  2  1437
20401122  2  1439
22003220  2  1441
10103202  2  1443
01102252  2  1445
02001130  2  1447
01003001  2  1449
00211231  2  1451
21013200  2  1453
00013202  2  1455
01203202  2  1457
10212201  1  1458
02202201  1  1459
20101102  1  1460
10012202  1  1461
00210201  1  1462
02000100  1  1463
21212000  1  1464
21002102  1  1465
11201010  1  1466
01112100  1  1467
21102001  1  1468
22102100  1  1469
20000122  1  1470
11202202  1  1471
01012201  1  1472
01010220  1  1473
00021220  1  1474
20112202  1  1475
10022200  1  1476
22201220  1  1477
21201201  1  1478
10101212  1  1479
00212002  1  1480
00222010  1  1481
11212200  1  1482
20122200  1  1483
22101200  1  1484
21001202  1  1485
20011201  1  1486
00112011  1  1487
12002010  1  1488
02002202  1  1489
20022000  1  1490
11102201  1  1491
01100201  1  1492
22002201  1  1493
01111200  1  1494
21012100  1  1495
20111020  1  1496
21202101  1  1497
10201101  1  1498
10011010  1  1499
20012101  1  1500
