52660343
22565640
52660240
22235641
12235640
23560040
22065340
22266310
22660241
12335040
23230540
21260341
22361041
22360310
13260040
12261341
12260610
22260611
12225340
21231340
21030340
22225341
22230342
12260241
22161141
12262041
22630210
12161140
22162041
21160140
22061240
11260140
23220520
21232040
20230041
12230311
12330010
12125040
22130311
21260010
22220042
22131010
22520210
22030011
20030020
12021040
11130020
23220100
22231210
21020040
10230120
22231011
12011140
22032021
22032220
22221241
12225220
22031121
12132120
12130110
20231020
12231010
20130120
21221040
22132121
12130221
21020120
12212121
12120010
20220021
12001120
12221200
12220011
22222221
22220122
21220200
22120011
