12120021
20200121
02121022
21210121
02200120
11200212
01202222
10210011
00212021
02210212
01220011
00211012
10000222
11010222
00110112
00020021
01100211
12211021
10200220
11210220
12110121
11101122
02111122
21120022
00200111
01210111
12000022
00010121
11120221
10111222
22200222
02201121
01121222
12200020
20201022
21211022
20100122
21110122
10110012
00112022
01120012
10220121
10201221
00221122
11211221
12111022
21200121
00120020
10200011
00202021
02200212
11210011
01212021
00201012
01211012
11000222
00100112
10010021
02010222
01110112
01020021
00011022
12201021
20210221
11200220
12100121
02210220
02101122
00211020
00110120
01200111
12220222
10221022
00000121
10120122
01010121
10101222
02120221
11111222
00121021
22210021
21201022
00210211
21100122
10100012
00102022
11110012
01112022
11220121
10211122
11201221
01221122
02211221
12101022
20110222
00111121
10110020
01120020
11200011
01202021
02210011
01201012
10000021
02000222
01100112
11010021
00001022
01011022
20200221
21210221
02200220
00201020
01211020
22110022
00100120
01110120
00110212
11221022
01000121
11120122
12110221
11101222
10111021
02111222
22200021
01121021
00200211
01210211
11100012
01102022
02110012
00010221
10201122
02220121
11211122
20220022
02201221
20100222
00101121
10100020
21110222
01111121
11110020
02200011
10220221
11000021
00221222
02010021
01001022
20210122
21200221
00220012
01201020
22100022
01100120
00100212
01110212
12220021
02221022
12100221
02120122
10101021
02101222
11111021
00110220
00210112
01200211
02100012
00000221
10120222
01010221
12210121
11201122
02211122
21220022
21100222
01101121
20110021
11100020
02110020
11220221
10211222
02000021
01221222
12120022
20200122
00111221
21210122
10210012
00212022
01220012
00020022
01100212
00110011
12211022
12110122
00220020
11101021
02111021
00100220
00200112
01110220
01210112
00010122
01000221
12200121
11120222
02201122
00210120
20100021
21110021
02100020
10220122
10201222
02220221
11211222
00221021
00120121
00101221
21200122
10200012
01111221
00202022
11210012
01212022
10010022
00100011
01020022
01110011
12201022
20210222
00211121
12100122
10210020
01220020
02101021
01100220
01200112
00000122
01010122
10120021
02120222
00121022
22210022
00200120
01210120
00210212
21100021
11220122
12210221
11201222
10211021
02211222
01221021
10110121
01120121
00111122
01101221
11200012
01202022
02210012
10000022
11010022
01100011
20200222
00201121
10200020
21210222
01211121
11210020
01000122
12110222
11120021
10111022
22200022
01121022
01200120
00200212
01210212
00010222
12200221
02220122
10201021
02201222
11211021
10100121
00210220
11110121
00101122
01111122
02200012
10220222
11000022
02010022
00120221
21200222
01201121
20210021
11200020
02210020
12220022
00211221
12100222
10101022
02120021
11111022
01200212
00210011
00000222
01010222
12210122
11201021
02211021
00200220
11100121
01210220
02110121
01101122
20110022
11220222
02000022
10110221
01120221
00111222
20200021
21210021
02200020
00110012
00220121
00201221
01211221
12110021
11101022
02111022
00200011
01210011
01000222
00010021
12200122
02201021
01200220
02100121
20100022
21110022
10220021
02220222
00221022
10100221
00120122
11110221
00101222
01111222
21200021
00100012
01110012
10210121
01220121
00211122
01201221
12100021
02101022
00110020
01200011
00000021
10120022
01010021
21100022
12210222
11220021
10211022
01221022
10110122
11100221
01120122
02110221
01101222
00111021
01100012
10200121
11210121
00201122
01211122
00100020
01110020
00220221
01000021
11120022
12200222
10201022
02220021
11211022
10100122
11110122
02100221
00101021
01111021
11200121
00120222
02210121
01201122
20210022
01100020
10210221
01220221
00211222
02120022
00210012
12210021
11201022
02211022
11100122
02110122
01101021
10110222
02200121
01120222
20200022
21210022
10200221
00220122
11210221
00201222
01211222
12110022
00200012
01210012
00010022
12200021
02201022
02100122
00210020
10220022
10100222
11110222
00120021
21200022
10210122
11200221
01220122
02210221
01201222
00211021
12100022
00110121
01200012
00000022
01010022
00200020
01210020
11220022
11100222
10110021
02110222
01120021
00111022
10200122
11210122
02200221
00201021
01211021
00100121
01110121
00220222
01000022
01200020
02220022
10100021
02100222
11110021
00101022
01111022
11200122
02210122
01201021
01100121
10210222
01220222
00110221
12210022
11100021
02110021
01101022
02200122
10200222
11210222
00220021
00100221
01110221
12200022
00210121
02100021
00120022
11200222
10210021
02210222
01220021
00211022
00110122
01100221
00200121
01210121
10110022
01120022
10200021
02200222
11210021
00201022
01211022
00100122
01110122
01200121
00210221
10100022
11110022
11200021
02210021
01201022
01100122
00110222
00200221
01210221
11100022
02110022
02200021
00220022
00100222
01110222
00210122
01200221
02100022
10210022
01220022
01100222
00110021
00200122
01210122
10200022
11210022
00100021
01110021
01200122
00210222
11200022
02210022
01100021
00200222
01210222
02200022
01200222
00210021
00110022
00200021
01210021
00100022
01110022
01200021
01100022
00210022
00200022
01210022
01200022