21202120
22202210
22202100
22102220
01201201
11101200
01202120
02202210
11102201
21002220
11202000
02202100
02102220
21102210
22201220
22002200
22202221
01002220
11201201
21102100
11202120
12202210
01102210
02201220
02002200
02202221
21201210
12202100
12102220
21202211
01102100
21201100
21101220
21202101
21102221
11002220
01201210
21202202
01202211
21202020
22101200
11102210
22102201
12201220
12002200
12202221
01201100
01101220
01202101
01102221
22202000
11102100
01202202
21001200
01202020
21201221
21002201
02101200
02102201
11201210
02202000
22201201
21200200
11202211
22202120
01001200
01201221
01002201
11201100
11101220
11202101
11102221
21102000
11202202
02201201
01200200
11202020
12101200
02202120
12102201
21202110
22002220
12202000
01102000
21101201
11001200
11201221
11002201
21102120
22102210
21201000
21202001
01202110
02002220
12201201
11200200
22102100
01101201
12202120
21002210
01102120
02102210
01201000
01202001
21201120
22201210
21002100
11102000
21202121
22202211
02102100
21202222
01002210
22201100
22101220
11202110
22202101
22102221
12002220
01201120
02201210
01002100
22202202
11101201
01202121
02202211
22202020
11102120
12102210
01202222
21001220
11201000
21212200
21002221
02201100
02101220
11202001
02202101
02102221
21101210
12102100
02202202
22001200
21102211
02202020
11002210
22201221
22002201
21200220
01001220
21202010
01212200
21101100
01002221
21102101
11201120
12201210
11002100
22200200
11202121
12202211
01101210
21102202
02001200
01102211
21102020
11202222
02201221
02002201
01200220
12201100
12101220
01202010
21201211
12202101
12102221
01101100
01102101
22102000
12202202
02200200
12202020
01102202
01102020
21201101
21101221
11001220
11212200
11002221
22202110
21201202
01201211
21201020
21002000
21202021
11101210
02102000
22101201
21100200
12001200
11102211
12201221
12002201
11200220
22102120
01201101
01101221
22201000
11202010
22202001
11101100
02202110
01201202
11102101
01201020
01002000
21001201
12200200
01202021
11102202
02101201
01100200
21002120
22002210
11102020
02102120
02201000
11201211
02202001
21102110
21200201
22201120
22002100
12102000
22202121
01001201
01002120
22202222
02002210
11201101
11101221
21101000
12202110
11201202
21102001
11201020
21212220
01102110
11002000
01200201
02201120
11202021
02002100
12101201
02202121
21222200
11100200
21201110
12102120
02202222
21202111
22001220
12201000
22212200
22002221
12202001
01101000
21202212
01102001
01212220
11001201
21101120
22101210
21102121
22102211
01222200
11002120
12002210
21201001
22200220
01201110
21202102
21102222
01202111
02001220
22202010
02212200
22101100
02002221
11102110
01202212
11200201
22102101
12201120
21001210
12002100
12202121
21002211
01101120
02101210
22102202
01102121
02102211
22102020
12202222
01201001
02200220
01202102
01102222
21001100
11101000
02202010
21112200
21201121
22201211
21002101
02101100
21200210
11102001
11212220
02102101
21201222
01001210
21002202
01002211
21002020
11222200
02102202
11201110
02102020
22201101
22101221
21200100
21100220
11202111
12001220
12212200
12002221
01001100
22201202
21102010
01112200
01201121
11202212
02201211
22201020
01002101
01200210
22002000
22202021
11101120
12101210
01201222
01002202
22100200
11102121
21211200
12102211
01002020
21001221
11201001
12200220
21212201
11202102
02201101
11102222
02101221
01200100
01100220
12202010
12101100
02201202
01102010
21101211
12102101
02201020
11001210
02002000
22001201
02202021
21000200
11002211
21200221
12102202
21201010
02100200
22002120
01211200
12102020
01001221
21202011
01212201
21101101
11001100
11112200
11201121
12201211
11002101
11200210
22102110
21101202
22200201
01101211
21101020
11201222
11002202
02001201
21102021
01000200
11002020
01200221
01201010
02002120
21202002
12201101
12101221
11200100
21222220
01202011
11100220
01101101
22101000
21002110
12201202
11102010
22102001
12201020
22212220
02102110
12002000
01101202
02200201
12202021
01101020
22222200
12100200
01102021
11211200
11001221
22201110
11212201
01202002
22202111
21001000
01222220
21201021
21002001
02101000
21202122
01002110
22202212
11101211
02102001
02212220
21100201
12001201
22101120
11000200
11200221
22102121
02222200
11201010
12002120
21212210
22201001
21200000
02201110
11202011
22202102
22102222
11101101
02202111
01001000
01201021
01002001
12102110
11101202
01202122
02202212
12200201
21001120
22001210
11101020
21212100
21112220
01100201
21002121
22002211
02101120
11102021
02102121
21122200
21002222
01212210
11202002
02201001
21101110
01200000
11222220
02202102
02102222
22001100
21102111
12101000
22112200
11002110
22201121
22002101
21200120
22200210
12102001
12212220
21102212
01001120
22201222
02001210
01212100
22002202
01112220
01002121
02002211
22002020
12222200
12201110
01122200
01002222
21101001
22200100
22100220
12202111
21211220
01101110
11001000
21012200
21102102
11201021
02001100
21212221
01102111
11002001
22102010
02112200
11202122
02201121
12202212
21221200
02002101
01200120
02200210
01102212
21222201
11100201
12101120
02201222
02002202
21201111
12102121
22211200
02002020
22001221
11212210
12201001
21000220
22212201
11200000
21201212
12202102
12102222
01101001
02200100
02100220
01211220
21002010
01012200
01102102
01212221
02102010
21101121
22101211
01221200
11001120
21100210
12001210
11212100
11112220
22000200
01222201
11002121
12002211
21201102
21101222
22200221
01201111
22201010
02211200
11122200
11002222
02001221
22202011
01000220
02212201
11101110
01201212
22101101
21100100
12001100
11102111
21202022
01002010
12112200
12201121
21001211
12002101
11200120
12200210
22101202
01101121
11102212
02101211
22101020
01100210
12201222
12002202
22102021
02000200
01201102
12002020
01101222
02200221
02201010
21111200
22202002
21001101
11101001
12200100
22222220
02202011
12100220
21112201
11211220
11012200
11102102
02101101
21200211
01100100
11212221
22002110
21001202
12102010
01202022
01001211
21001020
11221200
02101202
21212000
21002021
11222201
02101020
11201111
02102021
12211200
21200101
21100221
12001221
11000220
12212201
21101010
01111200
11201212
02202002
01001101
22001000
21102011
02222220
21200202
01112201
11002010
22201021
01200211
22002001
21200020
22202122
02002110
01001202
11101121
12101211
01001020
21222210
11100210
01212000
22100201
21211201
12000200
01002021
11201102
11101222
12200221
12201010
21212120
22212210
01200101
01100221
22200000
12202011
01101010
21102002
12101101
21222100
11100100
02001000
21122220
01102011
01200202
11202022
02201021
11001211
02002001
01200020
12101202
02202122
21000201
22001120
12101020
22212100
01222210
22112220
21201011
02100201
22002121
01211201
12102021
21202112
22122200
11111200
01212120
22002222
02212210
12202002
11001101
22101110
02200000
12222220
11112201
01102002
11200211
22102111
01222100
01122220
12002110
11001202
21101021
22200120
11001020
21012220
21102122
22102212
11212000
01000201
02001120
11002021
21201002
02212100
02112220
21221220
01201011
02002121
21022200
01202112
11200101
21222221
11100221
21001110
02122200
11101010
21112210
02002222
22101001
21002111
22211220
21100000
02101110
12001000
11102011
22012200
11200202
22102102
12201021
22212221
02102111
12002001
11200020
12202122
21002212
22221200
01101021
02200120
11222210
01012220
01102122
02102212
22222201
12100201
11211201
21112100
01201002
22201111
21200110
01221220
01022200
11212120
12212210
21001001
22000220
01222221
12200000
21201122
01001110
22201212
21002102
01112210
11102002
02101001
01002111
02211220
01100000
11222100
22002010
11122220
02012200
02102102
02212221
22101121
01002212
11000201
21100120
02221200
12001120
22100210
21211210
12212100
12112220
02222201
11201011
12002121
22201102
21212211
22101222
01112100
11202112
21200001
02201111
01200110
12122200
12002222
01001001
02000220
12101110
01201122
02201212
01002102
22100100
21211100
12102111
21111220
22202022
02002010
21001121
22001211
11101021
12200120
21212101
21000210
21112221
11012220
11102122
02101121
12102212
21121200
01100120
02100210
21001222
01211210
11201002
21212202
21122201
11221220
02201102
01212211
02101222
11022200
21212020
21101111
01200001
11222221
22111200
11001110
22001101
11112210
12101001
21000100
22112201
11002111
12211220
21222000
11100000
21101212
12012200
21200121
12102102
22200211
02100100
12212221
01211100
22001202
01111220
02202022
01001121
11002212
02001211
22001020
12221200
01212101
21200222
01000210
01112221
22212000
22002021
12222201
01121200
01001222
11112100
21202012
12201111
01212202
01122201
11200110
21011200
21101102
22200101
01212020
22100221
21211221
01101111
11001001
12000220
22101010
21012201
02111200
11201122
12201212
11002102
02001101
22102011
01000100
22200202
02112201
01222000
12002010
01101212
21221201
01200121
02200211
22200020
02001202
21102022
12101121
21222120
11100120
02001020
22222210
12100210
01200222
11211210
02212000
22211201
02002021
21210200
12201102
11212211
12101222
21000221
01202012
11200001
21001010
22212120
01011200
01101102
02200101
02100221
01211221
21002011
02101010
01012201
22102002
22222100
12100100
22122220
02102011
11211100
02200202
11111220
12202022
01221201
11001121
21100211
12001211
02200020
11212101
11000210
11112221
22000201
01102022
11121200
01222120
02222210
11001222
21112000
22201011
11212202
02211201
11122201
21200010
01210200
22202112
11212020
01000221
11101111
21201022
01001010
12111200
02212120
21002002
21100101
12001101
11000100
21022220
01002011
12112201
11222000
11101212
02102002
11200121
12200211
02222100
02122220
21100202
12001202
21212110
22101021
01100211
21100020
12001020
22012220
11200222
22102122
12212000
02000201
12002021
22201002
21122210
01112000
11202012
22221220
02201011
21111201
22022200
01200010
11011200
11101102
02202112
12200101
22222221
12100221
11211221
22001110
12101010
11012201
21112120
01201022
22112210
01002002
01100101
22002111
22100000
21211000
12102011
12200202
01022220
21001021
11221201
12200020
21212001
21122100
01100202
21002122
01212110
22002212
11102022
02101021
01100020
11222120
12222210
02012220
02102122
12211201
11210200
22112100
02201002
01122210
11000221
21101011
22200110
02221220
01111201
02022200
11001010
12212120
21012210
21102112
22001001
02222221
21000000
22201122
02001110
11002011
22002102
01112120
02112210
21200021
12102002
21221210
02002111
02100000
12222100
20202200
01211000
12122220
01001021
21222211
11100211
01212001
01122100
01002122
02002212
12000201
22100120
21211120
22211210
21012100
11112000
12201011
21212121
22212211
11200010
21101002
02112100
12202112
22200001
21221100
21121220
01101011
02200110
11201022
21212222
01012210
01102112
11002002
21222101
11100101
02001001
21122221
01000000
02201122
11022220
02002102
01200021
22211100
01221210
22111220
00202200
21222202
11100202
22001121
11212110
12101021
21000120
22212101
22000210
01222211
22112221
21222020
11100020
21201112
12012220
12102122
22121200
02100120
01211120
22001222
02211210
12201002
11122210
01012100
22212202
22122201
12221220
11111201
01212121
02212211
12022200
22212020
01101002
22101111
02200001
12222221
01221100
21100110
01121220
12001110
11112120
12112210
01212222
22000100
01222101
01122221
12002111
22222000
21011220
12100000
21101122
22101212
11211000
22200121
11001021
21012221
02211100
02111220
11212001
11122100
01222202
11002122
02001121
12002212
21021200
01000120
02212101
22200222
02000210
02112221
01222020
01201112
21221221
21022201
02121200
21111210
02001222
12112100
22202012
21001111
02212202
02122201
11101011
12200110
22011200
22101102
21112211
02212020
11012210
11102112
22211221
21100001
02101111
12001001
22012201
21210220
01100110
11000000
12201122
21001212
12002102
11200021
02000100
11221210
02222000
01011220
10202200
01101122
02101212
22221201
21212010
02200121
21220200
11222211
21111100
01012221
22102022
22222120
12100120
21112101
01021200
11211120
02200222
12211210
11012100
21200111
01221221
01022201
22210200
11212121
21001102
12212211
01111210
11101002
22000221
02202012
21112202
12200001
01001111
11221100
22001010
11121220
02011200
02101102
21200212
01112211
21112020
11212222
02211221
01100001
11222101
22002011
11122221
02012201
01210220
01001212
12211100
12111220
21122000
21002022
11222202
21100121
02221201
01212010
12001121
22100211
21211211
01220200
11000120
12212101
12000210
12112221
01111100
11222020
11201112
02102022
12121200
02222120
21200102
01112101
21100222
12001222
22112000
12212202
01200111
12122201
22200010
02210200
01001102
12212020
21102012
02000221
12101111
01112202
21222110
11100110
22201022
02001010
01200212
22002002
22100101
01112020
21211101
21111221
12000100
22022220
02002011
12222000
11011220
11101122
12101212
12200121
21000211
22100202
11012221
22212110
21211202
01122000
21121201
01002022
01100121
02100211
01211211
22100020
11021200
21211020
12200222
21012000
11221221
11022201
21212021
21122120
22122210
01200102
01100222
11111210
02112000
12202012
22111201
11001111
21221000
02200010
21110200
12011200
12101102
11112211
21000101
01102012
12211221
21222001
11100001
12012201
11210220
01222110
22112120
02201022
11001212
02002002
02100101
01211101
01111221
22211000
02022220
21000202
22001021
12221201
11212010
01000211
21000020
11220200
22212001
22122100
11111100
21201012
02100202
22002122
02212110
01211202
12102022
01121201
02100020
12222120
20202220
11112101
01211020
21022210
01012000
11200111
21011201
12210200
01212021
01122120
11001102
02122210
12000221
22101011
11112202
02111201
01221000
21100010
12001010
01110200
21012120
22012210
11200212
22102112
11112020
01000101
22000000
01222001
12002011
21101022
02112120
22200021
21221120
22221210
21022100
02211000
01000202
11122000
11002022
21222121
11100121
02001021
22222211
12100211
11211211
01000020
02212001
02122100
21112110
01201012
02002122
21210201
22211120
00202220
22012100
11200102
21222222
01022210
11100222
12112000
21001011
22212121
01011201
12200010
22101002
21002112
22221100
11102012
22121220
02101011
01100010
11222110
12201022
01012120
22212222
02012210
02102112
12002002
22222101
12100101
22122221
11211101
11111221
02000000
12022220
01101022
02200021
11000211
01221120
02221210
21111000
01022100
22222202
12100202
12212110
11211202
11121201
22000120
01222121
02222211
22222020
12100020
22201112
21112001
11211020
01112110
11012000
21200011
01210201
02211120
11212021
11122120
21001002
12122210
02012100
01222222
21021220
01001011
12111201
02212121
11221000
11110200
02101002
01002112
11000101
21022221
02221100
22100110
02121220
11222001
21211110
12112120
02212222
02222101
02122221
21212111
22011220
22101122
12211000
11000202
21100021
12001021
22012221
21121210
11000020
12212001
12122100
20102200
01111000
02222202
11201012
12002122
21212212
22021200
02000120
21122211
02222020
21200002
02201112
01112001
10202220
11022210
22221221
22022201
21220220
01200011
11011201
21111120
22111210
01001002
22001111
12101011
21000110
21112121
01021220
22112211
21222010
11100010
11012120
12012210
12102112
22100001
21211001
21121100
01022221
22210220
02100110
12000000
21001122
01211110
22001212
11101022
21212102
21112222
12200021
21122101
11221120
12221210
01212111
02011220
02101122
11022100
22212010
22220200
01100021
11222121
12222211
22111100
02012221
01121210
00102200
21122202
11112110
01212212
11210201
22112101
02021200
01122211
12211120
21011210
21122020
21101112
01200002
12012100
11222222
22200111
02221221
02022201
11001011
01220220
12212121
22001102
21012211
01111120
02111210
12101002
22112202
11002112
21000001
02001111
12221100
20201200
12121220
21200122
01000110
01112121
22200212
02112211
01222010
22112020
21221211
12212222
02100001
12222101
20202201
01211001
12122221
01121100
02210220
01001122
02001212
01212102
01112222
01122101
21011100
22122000
11111000
22002022
12222202
22100121
02212010
21211121
22211211
02220200
12000120
21012101
02111100
21210210
12222020
12201112
11112001
01122202
11200011
22200102
02112101
22100222
21211222
01011210
01122020
01101112
11001002
21221101
21121221
21012202
02200111
11021220
02001102
01012211
21012020
22102012
02112202
01000001
11022221
00201200
22222110
12100110
21221202
01200122
11211110
02200212
02112020
22211101
01221211
22111221
21221020
00202201
21210100
21110220
11212111
12011220
21022000
12101122
21000121
22000211
21222021
11100021
12012221
11121210
01011100
22211202
02122000
10102200
22121201
21112010
02002022
02100121
01211121
11212212
02211211
21120200
12021200
22211020
11122211
01012101
21000222
01210210
22012000
11200002
12221221
12022201
11220220
22212021
22122120
02200102
11111120
02100222
12111210
01211222
01221101
21002012
21100111
01121221
12001111
01012202
22221000
22110200
11000110
11112121
12112211
11222010
22000101
01012020
02102012
22222001
21011221
12100001
11211001
11121100
12210220
02222110
01221202
11001122
21100212
12001212
11212102
02211101
11112222
02111221
11122101
01221020
01210100
22000202
01110220
01022000
12212010
21021201
01000121
02000211
22000020
12220200
01222021
12111100
22201012
02211202
11122202
02121201
01112010
21111211
01120200
21022120
12112101
02211020
22022210
01000222
11011210
11122020
11101112
02012000
12200111
22011201
02212021
21010200
02122120
21100102
12001102
11012211
01002012
21210221
12112202
01100111
11000001
02221000
10201200
22100010
21211010
02110200
22012120
11200122
12200212
12112020
02000101
11221211
02222001
01011221
10202201
21212011
21122110
22101022
01100212
21220201
22221120
21111101
22022100
11011100
02000202
12122000
12002022
22222121
12100121
01021201
11211121
12211211
02000020
11012101
11210210
22112110
02201012
21111202
22210201
01111211
21111020
12200102
01022120
22222222
02022210
12100222
11211222
11221101
22001011
11121221
11012202
02011201
21000010
21112021
01010200
01100102
22002112
11012020
12102012
01210221
21121000
02100010
12222110
20202210
21001022
11221202
01211010
02012120
21212002
12211101
12111221
21122001
11221020
11210100
01212011
11110220
01122110
02101022
11022000
01220201
11000121
12000211
02221120
01111101
11222021
22111000
02022100
21012110
12211202
12121201
11112010
02222121
11120200
22112001
12211020
11000222
21101012
02112110
12012000
01111202
22200011
02210201
21221110
20202100
12212021
12122120
20102220
22001002
01111020
02222222
11002012
21222111
22021220
11100111
02001011
12221000
21200022
01000010
12110200
01112021
02002112
12000101
22022221
12222001
11011221
22211110
01121000
00202210
01001022
21222212
11100212
01212002
22212111
01122001
21011000
12000202
22100021
11021201
21211021
21121120
22121210
12000020
21012001
02111000
12201012
21212122
01012110
22212212
21122121
22122211
11111211
22200002
02112001
11022120
12022210
01101012
21221001
22220220
02200011
21110201
12011201
01221110
22111120
00202100
11010200
21222102
00102220
11100102
02001002
21122222
11210221
22000110
01222111
22112121
02021220
22222010
12100010
01200022
11211010
12012120
22211001
22121100
02022221
22001122
21210000
02211110
11212011
11122110
12101022
22212102
01222212
22112222
21000021
11220201
22122101
12221120
20201220
11111101
21021210
02212111
12022100
20002200
01011000
02100021
12222121
20202221
01211021
21022211
01121120
02121210
01012001
22122202
12112110
11111202
01212122
02212212
12210201
01122121
02122211
21011120
22011210
22122020
22101112
02200002
11111020
12222222
01221001
21100011
12001011
02220220
01110201
21012121
22012211
02111120
11000010
11112021
01222102
01122222
12002112
22000001
21021100
22200122
02000110
02112121
11121000
02222010
10202210
11001022
21221121
22221211
21012222
21022101
11212002
02211001
02121100
21220210
11122001
21111110
02001122
01210000
02212102
02112222
01000021
02122101
00201220
22011100
21112111
21221222
01021210
12111000
00002200
21022202
11012110
22211121
00202221
22012101
21210120
01022211
22210210
21022020
21001112
12112001
02122202
11101012
21112212
12200011
11221110
01011120
10202100
22211222
02011210
02122020
21100002
02101112
10102220
12001002
22221101
22121221
22012202
21220100
21120220
01100011
11222111
12021220
01012121
02012211
22012020
11200022
02000001
12022221
01021100
22221202
02200122
12211110
21122010
01221121
11222212
02221211
01012222
22221020
21111001
01022101
22210100
01220210
22110220
12212111
22022000
01111110
11011000
22000121
21112102
22222021
12100021
11211021
11121120
12121210
02011100
21200112
01112111
01221222
11012001
22112010
01022202
11212122
02211121
12212212
22120200
11122121
12122211
02012101
01210120
22000222
02210210
12200002
01022020
01001112
21021221
11221001
01112212
12220220
11110201
12111120
02211222
01100002
11222102
02221101
22002012
11122222
22100111
02121221
02012202
21211111
01220100
01120220
12000110
12112121
12222010
02012020
22011221
12211001
12121100
20101200
21010220
21100122
02221202
12001122
22100212
11210000
21211212
01122010
12212102
21121211
12112222
11000021
12122101
20102201
02221020
01111001
10201220
02210100
11021210
02110220
02022000
10002200
22021201
21012010
02000121
01112102
02222021
21020200
10202221
11022211
01200112
21220221
12122202
02112010
21111121
22111211
21221010
02120200
22022120
20202000
11011120
21110210
02000222
12011210
12122020
12101112
21000111
01021221
21222011
11100011
22010200
22100102
11012121
12012211
21211102
21111222
21121101
02002012
22210221
02100111
12000001
01211111
11021100
22211010
12200122
21000212
11221121
12221211
11012222
02011221
11022101
00101200
11220210
22212011
22122110
21121202
01010220
01100122
11111110
02100212
22220201
01211212
22111101
01121211
21121020
00102201
21110100
12011100
11112111
11221222
11022202
02021201
21212022
01012010
12211121
21011211
21122021
01020200
12012101
11210120
12210210
11022020
22111202
11001112
01220221
01111121
11112212
02111211
01221010
22111020
02022120
21000102
00202000
01110210
12211222
21222002
11100002
12221101
20201201
12121221
12012202
01000111
11220100
22000010
01222011
11120220
22112021
02010200
02100102
01211102
12012020
01111222
01121101
02210221
22121000
20202120
21022110
22001022
12221202
02211010
01000212
11122010
22212002
21011101
22122001
12221020
11111001
12210100
02212011
12110220
02122110
12022000
01121202
02220201
12000121
11112102
02111101
21210211
12222021
01121020
01110100
22012110
11200112
21011202
12112010
01212022
01011211
12120200
01122021
21011020
12000222
22101012
02111202
11021221
22221110
21012021
02111020
01000102
01222002
00201201
12002012
22222111
12100111
11211111
21021000
22200022
02000010
02112021
21221021
21210101
21110221
12011221
21022001
02121000
10101200
00202120
11010220
21111010
21222122
01022110
11100122
02001022
22222212
12100212
11211212
02212002
11121211
01011101
02122001
10102201
22011000
21112011
21210202
21120201
12021201
11012010
22211021
22121120
01210211
11020200
22012001
21210020
21001012
22212122
02012110
01011202
11220221
22122121
11111121
12111211
11221010
12022120
20002220
01011020
10202000
11110210
02101012
22221001
22110201
11000111
21220000
02221110
11222011
12010200
01012021
22222102
12100102
22122222
11211102
11111222
11121101
12210221
02222111
01021000
02200022
12211010
11000212
01221021
01210101
01110221
01022001
22210000
12212011
12122110
20102210
11121202
01111010
01222122
02222212
22000021
12220201
21112002
21021120
12111101
22021210
11121020
11110100
02011000
21200012
01112011
01210202
01120201
21022121
11212022
02211021
22022211
02121120
11011211
11122021
02012001
01210020
01001012
12111202
02212122
21010201
02122121
22011120
12111020
00002220
11000102
21022222
11222002
02221001
10201201
22100011
21211011
02110201
22012121
21121110
01220000
20102100
12000010
12112021
02222102
02122222
21212112
22021100
21122111
12121000
10202120
21100022
11022110
12001022
22221121
22012222
22022101
12212002
21220120
22220210
11011101
12122001
22111110
02210000
00102210
21122212
02000021
01112002
01021120
11210211
22112111
22221222
02021210
22022202
01200012
12012110
11011202
21111021
01022121
22210120
02022211
22022020
22001112
11011020
12101012
21112122
22112212
21000011
01010201
12221110
20201210
02011120
22100002
11012021
21211002
01022222
21121001
22220100
22120220
02100011
12222111
20202211
01211011
02012121
01121110
11021000
00102100
12200022
21122102
11221021
01212112
11210101
02021100
11110221
01122111
11022001
21011110
22122010
01100022
11111010
11222122
02221121
12222212
02012222
22111001
02022101
01220120
02220210
21012111
21110000
02111110
12011000
11112011
11210202
22112102
01122212
11120201
20201100
12211021
12121120
20101220
22200112
02112111
02221222
12012001
11210020
02022202
11001012
21221111
12212122
20202101
21012212
12122121
20102221
01111021
02210120
02022020
21000002
02001112
10002220
22021221
12221001
01112122
02112212
21020220
01000011
12110201
11220000
00201210
21221212
02100002
12222102
20202202
01211002
12122222
22211111
01121001
02220100
02120220
00202211
21210110
20202020
21022010
01122102
21011001
22010220
22100122
12210000
21211122
01011110
22211212
02122010
10102210
21121121
21012102
22121211
12000021
11112002
02111001
11021120
21120210
12021210
01012111
01110000
22012010
11200012
02112102
22020200
11022121
00201100
12022211
21221102
00101220
21121222
02200112
22220221
01221111
22111121
00202101
01012212
22221010
11010201
00102221
21110120
12011120
22110210
01000002
11022222
22000111
02021221
22222011
12100011
01020220
11211011
12012121
11121110
22211102
10102100
01221212
22111222
22121101
00202202
11212112
21210001
02211111
21120100
12021100
20001200
11122111
21000122
01210110
22000212
00202020
21222022
01022010
11100022
12221121
20201221
21021211
12012222
12022101
20002201
11220120
01011001
12220210
22121202
02010220
02100122
12111110
01211122
02211212
01121121
11122212
01012102
02121211
22121020
22110100
01120210
12112111
12221222
12022202
22212022
02012010
21011121
22011211
22122021
02020200
11111021
12210120
01221102
21010210
21100112
12022020
01121222
12001112
02220221
11112122
02111121
12112212
11000011
02221010
22000102
10201210
01110120
02110210
22222002
21011222
12100002
21021101
11211002
02000111
11121001
12220100
20200200
02222011
12120220
10202211
02211102
02111222
11122102
02121101
21220211
21111111
01210001
01120100
00001200
22022110
21021202
01000122
11011110
02000212
12122010
01222022
00201221
22011101
01021211
21021020
12111001
00002201
21010100
11012111
02121202
11110000
21111212
21210121
12112102
22210211
21022021
10201100
02121020
10101220
02110100
12200112
22011202
11221111
02212022
01011121
10202101
11012212
02011211
02122021
10102221
22011020
21210222
01010210
01100112
11000002
21220101
21120221
12021221
11020220
22012021
21121010
02000102
20102000
11221212
02222002
01011222
10202202
01021101
21212012
12211111
22021000
00200200
21122011
21220202
11210110
10202020
21111102
11022010
22221021
22210101
01220211
22110221
22022001
21220020
01111111
11011001
12010220
22111010
22222122
02022110
12100122
01021202
11211122
12211212
11121121
11012102
12121211
02011101
01021020
11120210
22112011
01010100
22210202
22120201
12012010
01111212
01210121
02210211
12020200
01022021
22210020
20202110
11221102
22001012
11121222
02011202
12220221
21112022
12111121
12221010
11110120
02011020
12110210
01210222
01220101
01120221
12000111
22220000
12222011
02012021
01121010
12211102
00102000
12111222
21122002
12121101
20101201
21010221
01212012
11210001
11120100
02021000
10001200
01122011
01220202
21011010
11000122
12000212
01111102
11222022
02221021
10201221
02210101
11021211
02110221
02022001
10002201
01220020
20102120
21012011
12121202
02111010
02222122
21020201
22112002
22021120
20201000
12121020
12110100
22200012
02112011
02210202
21221011
02120201
22022121
12212022
20202001
11011121
21110211
12011211
12122021
02210020
00202110
11010210
21222112
11100112
02001012
22010201
01112022
12000102
22022222
12222002
11011222
11021101
22211011
22121110
02220000
10200200
21210010
22212112
01122002
00101201
11220211
22122111
01010221
11111111
22100022
12022110
20002210
11021202
21211022
01011010
21121021
22220120
21012002
21110101
12011101
11021020
11010100
00102120
01012011
21122122
22122212
11111212
01020201
02112002
11210121
02021120
12210211
11022021
00201000
21221002
02200012
21110202
12011202
01221011
22111021
02022121
00202001
01110211
21110020
12011020
11210222
01222112
22112122
11220101
22000011
11120221
20201120
02010201
21021110
20002100
12012021
11121010
22211002
10102000
02022222
22121001
20202121
21022111
11212012
02211011
21120000
02121110
12021000
11122011
21000022
11220202
22122102
01210010
11111102
12221021
02212112
12210101
12110221
02122111
12022001
11220020
22011110
02100022
12111010
12222122
20202222
00002210
01211022
21022212
01121021
02220120
01012002
01110101
22012111
22110000
12112011
12210202
01122122
02122212
12120201
21011021
12210020
01221002
10202110
21100012
12001012
22221111
01110202
21012122
22012212
21220110
11112022
02111021
22000002
01110020
21021001
02112122
22020220
02000011
00201120
12220000
21221122
01021110
22221212
00002100
21022102
02211002
11122002
02121001
10101201
00202121
11010221
21111011
01022111
22210110
01120000
22022010
01000022
11011010
02122102
21112112
22011001
21010000
22211122
02011110
10102120
11012011
22121121
00202222
22012102
01022212
11020201
21210021
12112002
21120120
12021120
20001220
22120210
10201000
02012111
02110000
20212200
12200012
11221011
12022121
20002221
01011021
22221102
10202001
11110211
22121222
01100012
11222112
21220001
02221111
01012122
02012212
12010201
01220110
22110120
02000002
12022222
01021001
02020220
12211011
12121110
20101210
01221122
02221212
11210010
21111002
01022102
12212112
22210001
22120100
12122111
20102211
22000122
01111011
02210110
22222022
02022010
12100022
10002210
21021121
11211022
22021211
11121021
01112112
12220120
11012002
20200220
11110101
02011001
21020210
01010000
02211122
11122122
02121121
12122212
02012102
01210021
01120120
00001220
02120210
21021222
20202010
11221002
00212200
11110202
22011121
20101100
12111021
00002221
21010120
02221102
22010210
22100112
02121222
11110020
21211112
21121111
12112122
01220001
20102101
12000011
10201120
11021110
02110120
10002100
22011222
22021101
12211002
12121001
21020100
10202121
11022111
11120000
00101210
21121212
11000022
21220121
12122102
20102202
22220211
01111002
22111111
02210001
02120100
00102211
22021202
21110110
02000122
12011110
20102020
02222022
10202222
01021121
11022212
02021211
22021020
00200220
22010100
21220222
01020210
12012111
12110000
21111122
22111212
22210121
22022021
11011021
21000112
01021222
00202010
21222012
11100012
12221111
20201211
11012122
02011121
12012212
00101100
11220110
21121102
01010120
22210222
02010210
02100112
12000002
22220101
01211112
22120221
01121111
11021001
00102101
12020220
22121010
11221122
12221212
02011222
11022102
02021101
22212012
21011111
22122011
01020100
22220202
11111011
12210110
22111102
12022010
01121212
01220121
00102202
02220211
22220020
11112112
21110001
02111111
12011001
02021202
01110110
11010000
12211122
00102020
20201101
21011212
21122022
12121121
20101221
12012102
11210021
11120120
02021020
10001220
12120210
02010100
01220222
10212200
01111122
02111212
02210121
02022021
10002221
12221102
20201202
12121222
01000112
21020221
01222012
22112022
11220001
00201211
20201020
21021010
12110120
20002000
01121102
02210222
02220101
02120221
21210111
20202021
21022011
02121010
10101210
21011102
22122002
11111002
22010221
02212012
12210001
01011111
12120100
20100200
02122011
10102211
02220202
22011010
12000122
02111102
21210212
12222022
11021121
21120211
12021211
02220020
01110001
10200220
11020210
22012011
22020201
00201101
01011212
01122022
00101221
11021222
10202010
22221011
21012022
21110121
12011121
22110211
21220010
10101100
11010120
00201202
12010210
22222112
12100112
11211112
01020221
11121111
02112022
10102101
00201020
21221022
01021010
21210102
00002000
21110222
12011222
21022002
21120101
12021101
20001201
01210111
00202021
11020100
01022011
22210010
11121212
01011102
02122002
11220121
10102202
12220211
21112012
02010221
12111111
00100200
20002120
21120202
12021202
11110110
22211022
02011010
10102020
01210212
22121021
22012002
22110101
01120211
21120020
12021020
12010100
11220222
02012011
22122122
11111122
12111212
02020201
12210121
21010211
12022021
22221002
22110202
11000112
11222012
02221011
10201211
01012022
01110121
02110211
01220010
22110020
20102110
11121102
12210222
02222112
12220101
20200201
12120221
22021110
12121010
01221022
01210102
01110222
01022002
01120101
00001201
22022111
12212012
22120000
11011111
12122011
22000022
12220202
02210010
12111102
21021021
21010101
01112012
12220020
11110001
00002120
01120202
21022122
02211022
22022212
10201101
11011212
11122022
02121021
10101221
02012002
02110101
01120020
21010202
02122122
22011021
20101000
01010211
21010020
02221002
10201202
22100012
21211012
02110202
22012122
11020221
21121011
22220110
12112022
20102001
10201020
11021010
02110020
20212220
00102110
10002000
21122112
22021001
00200201
11210111
21020000
22221122
02021110
10202021
11022011
22022102
11011102
21220021
12122002
12010221
22111011
02022111
02120000
20222200
10100200
21110010
02000022
12011010
11210212
22112112
01021021
11120211
01010101
20201110
22010000
12012011
21111022
01022122
02022212
12020201
22210021
22120120
20202111
21000012
01010202
12221011
11012022
11110121
02011021
12110211
00101000
11220010
21121002
01010020
02100012
12222112
20202212
22220001
01211012
02012122
01121011
02220110
00102001
11221022
00212220
11210102
11110222
01122112
11022002
11120101
02021001
10001201
20101120
21011011
01020000
02221122
12210010
22111002
02022102
21012112
01220021
20102121
11112012
02111011
00222200
10002120
11120202
01110010
22021121
12211022
20201001
12121021
02112112
12012002
21020120
12110101
22020210
00201110
11120020
21221112
02010000
20202102
12122122
20102222
01111022
02210021
02120120
00202111
11010211
22021222
12221002
01000012
12110202
22010120
12110020
22211112
01121002
10102110
22121111
00202212
02220001
10200201
21210011
21120110
12021110
20001210
21011002
22020100
12022111
20002211
00101120
01011011
12120000
21121122
22121212
12000022
22220121
02111002
11021021
01012112
11010101
00102121
22110110
11022122
02021121
12022212
00201001
01020120
22220222
02020210
01221112
22111122
00202102
11010202
00102222
20001100
21110021
12011021
10101000
22000112
02021222
11010020
20112200
22222012
20201121
12100012
21021111
11211012
12012122
20002101
11121011
12220110
20200210
22121102
10102001
02010120
21210002
02211112
10212220
11122112
21120001
02121111
12021001
01210011
01120110
11020000
12221122
20201222
00001210
21021212
12022102
20002202
01011002
11220021
22011111
02020100
12111011
00002211
21010110
20002020
10222200
01121122
02121212
11110010
02220121
12112112
22110001
10201110
02110110
12010000
21011122
22011212
22122022
11111022
20200100
12210021
12120120
20100220
10202111
02220222
02111122
11000012
21220111
00001100
01110021
21021102
02000112
20102010
11121002
00112200
22020221
02222012
00201121
10202212
12220001
01021111
00002101
22021010
00200210
02121102
21220212
21111112
01210002
22210111
01120001
22022011
10101120
11011011
00201222
22011102
01021212
12111002
00002202
11012112
21010001
02011111
10102121
20211200
21210122
01010110
00002020
22210212
21022022
21120121
12021121
20001221
22120211
10201001
02110001
11020120
20212201
12020210
11221112
01011122
10202102
02011212
02122022
10102222
00200100
21220102
00100220
21120222
12021222
22012022
01220111
22110121
22220010
12010120
01021102
12211112
00102010
21122012
02020221
12121111
20101211
11210011
11120110
22221022
02021010
10001210
22210102
01220212
22110222
22022002
22120101
01111112
11011002
02210111
12020100
20000200
02022011
10002211
11121122
12121212
02011102
12220121
20200221
21020211
22112012
01010001
20201010
22120202
00211200
12110110
01210122
02210212
01022022
01120121
00001221
02120211
22120020
20202011
00212201
12220222
12111122
20101101
21010121
22010211
10001100
11110021
01220102
01120222
12000112
10112200
12222012
10201121
11021111
02012022
02110121
10002101
02220010
10200210
12121102
20101202
21010222
21020101
11210002
01122012
11120001
00101211
20101020
02221022
10201222
02210102
11021212
02110222
02022002
02120101
10002202
21012012
21110111
12011111
20102021
00000200
21020202
11010110
10002020
22021021
00200221
22010101
01020211
02112012
21020020
12110001
00201010
21221012
02120202
22022122
20202002
11011122
21110212
12011212
12122022
10200100
02120020
20222220
00202011
10100220
22010202
00101101
11220111
01010121
02010211
22010020
20002110
11021102
22211012
10102010
12020221
22121011
21120010
12021010
00101202
11220212
22122112
01010222
11111112
01020101
12210111
22020000
12022011
00101020
21121022
21110102
12011102
22220021
01012012
01110111
11010001
00102021
10211200
22110010
01020202
11210122
12210212
11022022
11120121
02021021
10001221
12120211
02010101
01020020
10212201
01221012
22111022
02022122
00202002
01110212
20001000
00222220
11220102
22000012
11120222
02010202
20201021
21021011
12012022
12110121
20002001
12220010
22121002
02010020
20202122
00002110
21022112
02211012
11122012
02121011
10101211
01120010
12221022
12210102
12110222
02122112
12022002
12120101
20100201
22011011
02020000
10000200
21010010
01121022
01110102
22012112
02220021
10200221
11020211
12112012
10201010
12120202
02110010
20212210
21011022
22020120
20200000
12120020
22221112
10202011
02111022
21220011
10101101
11010121
12010211
00001000
21021002
02000012
00201021
01021011
00002001
02121002
10101202
00202122
11010222
21111012
01022112
11020101
20001120
22210011
22120110
10101020
20212100
20112220
22011002
00100201
20002121
11012012
11110111
02011011
22121122
10102021
11020202
21210022
01010010
21120021
12021021
02012112
12010101
11020020
20122200
11221012
12022122
20002222
00212210
01011022
10202002
11110212
02020120
20101110
00200000
21220002
02221112
10222220
12010202
01220011
22110021
20102111
12010020
01021002
10002110
22021111
12211012
20200120
12121011
21020110
11120010
22210002
12122112
20102212
22120001
01111012
00001120
02210011
02120110
12020000
21021122
22021212
00212100
11121022
00112220
11110102
02011002
12220021
00002121
22010110
02121122
12110010
01210022
01120021
22011122
00122200
12111022
00002222
20101001
21010021
20211220
00101110
10001000
21121112
01220002
20012200
20102102
12000012
22220111
10201021
11021011
02110021
20212221
00102111
22021102
10002001
12121002
10202122
11022112
21020001
02021111
20221200
00200120
21220122
01020110
22220212
22111112
02210002
00102212
02120001
20222201
10100201
21110011
12011011
01021122
02021212
11010010
20201111
12012112
22010001
22210122
02010110
22022022
22120121
10212210
11011022
12020120
20000220
10200000
12221112
20201212
02011122
00101001
11220011
01010021
22220102
22120222
00211220
20002010
01121112
11021002
00012200
00102102
02220111
00212221
02021102
21011112
22122012
20101121
11111012
01020001
00221200
10001120
12210011
12120110
20100210
01220122
02220212
10212100
21110002
02111112
10112220
12011002
00222201
10002121
20201102
01110011
12121122
20101222
21020121
11210022
22020211
00201111
11120021
02010001
10122200
02210122
02022022
02120121
10002222
00000220
10101110
21020222
11220002
00201212
22010121
20100100
12110021
10102111
02220102
02120222
21210112
20202022
00002010
21022012
21120111
12021111
20001211
10200120
11020110
22010222
22020101
12210002
01011112
02122012
00101121
10102212
12120001
00100210
11021122
21120212
12021212
01110002
22012012
22110111
22020202
00201102
12010110
00101222
01020121
02020211
22020020
20111200
22221012
21110122
12011122
22110212
20001101
10101001
11010021
20112201
10211220
01020222
11121112
10012200
10102102
12220111
20200211
02010121
00100100
21120102
10212221
12021102
20001202
01210112
00202022
01022012
01120111
11020001
00001211
20001020
10221200
22120010
11220122
12220212
20212000
02010222
12111112
02020101
21010111
20002021
10222201
11110011
22121022
22110102
01120212
10201111
02012012
02110111
12010001
02020202
12210122
20200101
21010212
12022022
12120121
20100221
02020020
10000220
20101010
00111200
02221012
10201212
01110122
02110212
00001101
20102011
12220102
20200202
00112201
12120222
10002010
22021011
00200211
20200020
21020010
01120102
00001202
22022112
11011112
12122012
10101121
00001020
02120010
20222210
10100210
21021022
21010102
00212000
11110002
20211201
01010111
00002021
22010010
10201102
02121022
10101222
02110102
11020121
12020211
20212120
22011022
00200101
01010212
00100221
00101010
11020222
21121012
20102002
22220011
12010121
20222100
10100100
20122220
00102011
22021002
00200202
11210112
10202022
11022012
11120111
02021011
10001211
00200020
21220022
01020010
12010222
22111012
02022112
12020101
20000201
00222210
01021022
11120212
01010102
20201011
00211201
12012012
12110111
12020202
22210022
02010010
20202112
22120021
12020020
10111200
00212120
12221012
11110122
02011022
12110212
10001101
22220002
10112201
01121012
00102002
02220011
10200211
00222100
00122220
11120102
02021002
10001202
21011012
20101021
22020110
10001020
12120010
01220022
20012220
20102122
10212000
02111012
00000201
11010111
22021122
10002021
20201002
12121022
12110102
21020021
20221220
00201011
20022200
02210022
00202112
10200101
11010212
02120021
20222221
10100221
20001110
10101010
20112210
22010021
20002111
20100000
22121112
10102011
02220002
10200202
21210012
21120011
12021011
10200020
11020010
12022112
20002212
22020001
01011012
00101021
22220122
02020110
10222210
11021022
00012220
11010102
00102122
10211201
22110011
02021122
20112100
00201002
12010010
01020021
20200110
00221220
00022200
10212120
21110022
12011022
20001001
00222221
20201122
00001110
21021112
20002102
11121012
00112210
10102002
12220011
02010021
00002111
00100000
10222100
21120002
02121112
10122220
12021002
01210012
01120011
11220022
22011112
12111012
00002212
02020001
10000201
20100120
21010011
02220122
20211210
22110002
10201011
02110011
20212211
00112100
22020121
12210022
10202112
20200001
12120021
00200110
21220112
01110022
00001001
22020222
00201122
12220002
01021112
00002102
20211100
20111220
22210112
01120002
22022012
20001121
22120111
11011012
10101021
20212101
12020110
20000210
20112221
21010002
02011112
10012220
10102122
20121200
00100120
01010011
21120122
12021122
20001222
22120212
00211210
10201002
02110002
20212202
11020021
20122201
10221220
00212211
10022200
20212020
02020121
20101111
00200001
10222221
10001110
01220112
22110122
10112210
20000100
12010021
10002111
20222000
10100000
02020222
12121112
20101212
20200121
21020111
11210012
11120011
22120102
00211100
00111220
02210112
02022012
00001121
02120111
10002212
12020001
00212101
12220122
20200222
00000210
00112221
21020212
01010002
22010111
00121200
12110011
01120122
00001222
02120212
10112100
20202012
00212202
00122201
10200110
20011200
20101102
21010122
22010212
00212020
11110022
20211221
00101111
10001001
20012201
10201122
11021112
02110122
10002102
00000100
21020102
00222000
11120002
00101212
20221201
00200121
01020111
22020010
02120102
21110112
12011112
20102022
20222120
10100120
11010011
22021022
00200222
22010102
10211210
01020212
12110002
02010111
20210200
10212211
12020121
20000221
00202012
10200001
20001010
00011200
00101102
11220112
01010122
02010212
00211221
20002011
00012201
12020222
22121012
10211100
01020102
10111220
12210112
00221201
12022012
10001121
12120111
20100211
10212101
22220022
02020010
10000210
10112221
01110112
11010002
00102022
10121200
00222120
11120122
02021022
10001222
12120212
02010102
20112000
10212202
10122201
20200010
00210200
10212020
00000221
10101111
20201022
00001010
21021012
12110122
20002002
20100101
10000100
20022220
00002011
10222000
02121012
10101212
10200121
11020111
12120102
20100202
20212110
22011012
00100211
20100020
02220022
10200222
11020212
12010111
20122210
00112000
22020021
10202012
20111201
00200010
10011200
21220012
10101102
11010122
12010212
10211221
10012201
20112120
00201022
01021012
00002002
00100101
20211000
00022220
11020102
22210012
20001021
10221201
22120011
20212001
20122100
12020010
00100202
20002122
00212110
11110112
02011012
10102022
00100020
10222120
21120022
12021022
12010102
10210200
00122210
02020021
10000221
20101011
00111201
10001010
01220012
22110022
20012210
20102112
20000000
22021112
10002011
00112120
12121012
20200021
21020011
20221210
22120002
00211000
02210012
00001021
02120011
20222211
10100211
00212001
00122100
12220022
00002122
22010011
20211120
20012100
01120022
10112000
20212121
10200010
20101002
21010022
20221100
20121220
00101011
22220112
10201022
11021012
02110022
20212222
00012210
00102112
10002002
20222101
10100101
20122221
00000000
21020002
02021112
10022220
00200021
01020011
00221210
02120002
20222202
10100202
10212110
21110012
12011012
20000120
00222211
20222020
10100020
20201112
22010002
02010011
22120122
00211120
10122210
00012100
12020021
10111201
00212121
00101002
11220012
01010022
00221100
20100110
00121220
02220112
10112120
00212222
00222101
00122221
20011220
20101122
10211000
01020002
22020111
12210012
10001021
12120011
20012221
10212001
10122100
00222202
10002122
01110012
20021200
00000120
21020122
22020212
00222020
00201112
11120022
20221221
02010002
20022201
02120122
20111210
20001111
10101011
20112211
22010122
12110022
10012210
10102112
20100001
20210220
00100110
10000000
21120112
12021112
20001212
10200021
11020011
22020102
10221210
00011220
00101122
12120002
20212010
02020111
20220200
10222211
20111100
00012221
22110112
20112101
00021200
12010011
10211120
01020122
02020212
10012100
20200111
00221221
00022201
10212121
20001102
00111210
10101002
11010022
20112202
00001111
10221100
10121220
12220112
20200212
00112211
02010122
20112020
10212222
00100001
10222101
10122221
00210220
01120112
11020002
00001212
02020102
20122000
21010112
20002022
10222202
20100121
00212010
11110012
20211211
00220200
10000120
00111100
10222020
10201112
02110112
12010002
20200102
00112101
12120122
20100222
00200111
00001102
20102012
00112202
20222110
10100110
22021012
00200212
00112020
20211101
20111221
10011220
10101122
12020111
20000211
10012221
20211202
00122000
01010112
20121201
00002022
00100121
00211211
10021200
20211020
11020122
12020212
20012000
10221221
10022201
20212021
20122120
00200102
00100222
10111210
10001111
20221000
20110200
22220012
10112211
12010122
20000101
00102012
20222001
10100001
10210220
00222110
11120112
02021012
10001212
00211101
00111221
12020102
20000202
10212010
00000211
20000020
10220200
10111100
20201012
00211202
12110112
00121201
10112101
22120022
00211020
20022210
00012000
10200111
20011201
00212021
00122120
10001102
10112202
00221000
20100010
00110200
20012120
02220012
10200212
10112020
00000101
00222001
20101022
22020011
20221120
20022100
00000202
10122000
11010112
10002022
20222121
10100121
10211211
00000020
21020022
20112110
00201012
20210201
10200102
02120022
20222222
00022210
10100222
20001011
00011201
22010022
20002112
10102012
00100010
10222110
21120012
00012120
12021012
10211101
10111221
22020002
00101022
02020011
10000211
00221120
20111000
00022100
10211202
22110012
10121201
00222121
20112001
10211020
01020022
00112110
10012000
20200011
00210201
10212021
10122120
20001002
00222222
20021220
00001011
10221000
10110200
12220012
02010022
00002112
10000101
20022221
10222001
20211110
01120012
20212111
02020002
10000202
21010012
20100021
20121210
10000020
00111000
10201012
02110012
20212212
20122211
22020122
20200002
00112001
12120022
10022210
20220220
00200011
10011201
20111120
00001002
20000110
20112121
00021220
20222010
10100010
10012120
20211001
20121100
00022221
20001122
22120112
00211110
10101022
20212102
20112222
20122101
12020011
10221120
00212111
10022100
01010012
00100021
10222121
00121210
11020022
20122202
10112110
00212212
10210201
00122211
02020122
20011210
20122020
20101112
00200002
10222222
10001011
00220220
20012211
00111120
12010022
10002112
20000001
20200122
00000110
00112121
21020112
00222010
11120012
20221211
00211001
00121100
00001122
02120112
12020002
00212102
00112222
00122101
20011100
10111000
22010112
20211121
12110012
20012101
20210210
10112001
00122202
10200011
20211222
00011210
00122020
00101112
10001002
20221101
20121221
20012202
10021220
00012211
20012020
00000001
10022221
20221202
00200122
10211110
01020112
00221211
20221020
20210100
20110220
10212111
20022000
20000121
11010012
20222021
10100021
10121210
00011100
02010112
20112010
00211121
10212212
20120200
10122211
00012101
12020122
20000222
00210210
10200002
10220220
10111120
00211222
00221101
20002012
20100111
00121221
00012202
10000110
10112121
10222010
00012020
20011221
10211001
10121100
00221202
10001122
12120112
20100212
10212102
10112222
10122101
00221020
00210100
00110220
00022000
20021201
00000121
00222021
10122202
00112010
20111211
00120200
20022120
00000222
10011210
10122020
10101112
20010200
20100102
10012211
00002012
20210221
00100111
10000001
20211010
10200122
11020112
10221211
00011221
20212011
20122110
00100212
20220201
20111101
10011100
12010112
00021201
10211121
10012101
22020022
10210210
20111202
00111211
20111020
00022120
10211222
10221101
10121221
10012202
20000010
20112021
00010200
00100102
10012020
00210221
20121000
20001022
10221202
22120012
00211010
20212002
20122001
10221020
10210100
00212011
10110220
00122110
10022000
00220201
10000121
00111101
10222021
20012110
10112010
10120200
02020022
10000222
20101012
00111202
20221110
00111020
10002012
20222111
10100111
20200022
00000010
00112021
21020012
10011221
00121000
00001022
02120012
20222212
10100212
00212002
00122001
20011000
22010012
10021201
20211021
20121120
20012001
20212122
00012110
20122121
10111211
10022120
00101012
20221001
20110201
00221110
10010200
20222102
10100102
20122222
10210221
00222111
00200022
10211010
01020012
20210000
10212011
10122110
00222212
20000021
10220201
10111101
20021210
00011000
02010012
00211021
20022211
00121120
00012001
12020022
10111202
00212122
00122121
20011120
10111020
00221001
20100011
00110201
20012121
10000010
10112021
00222102
00122222
20021100
10121000
22020112
10001022
20221121
12120012
20012222
20022101
10212002
20220210
10122001
20111110
00210000
00000021
20112111
20221222
00021210
20022202
10012110
20210120
00022211
20022020
20001112
10101012
20112212
10221110
00011120
20100002
20220100
20120220
00100011
10222111
00012121
10200022
11020012
00021100
02020112
20122010
00221121
10222212
00012222
20111001
00022101
00220210
00111110
10011000
20112102
12010012
10211021
10121120
20200112
00112111
00221222
10012001
00022202
10212122
10122121
00210120
00022020
00001112
20021221
10221001
00112212
10110201
00100002
10222102
10122222
20211111
00220100
00120220
20010220
20100122
10210000
20211212
00122010
20121211
10000021
00111001
10021210
20012010
00112102
20020200
10022211
00200112
20220221
20111121
20221010
10011120
20110210
20000111
00021221
20222011
10100011
10012121
20211102
20111222
20121101
00211111
10021100
12020112
20000212
10221121
10012222
10022101
10220210
20121202
00010220
00100122
10111110
00211212
00121211
20121020
20110100
10112111
10221222
10022202
20212022
00012010
20011211
20122021
00020200
10210120
10022020
10001112
00220221
00111121
10112212
00221010
20000102
00110210
20222002
10100002
00000111
10220100
00222011
10120220
00211102
00111222
00121101
20022110
00000212
10122010
20011101
10111001
00121202
10112102
20210211
00121020
00110100
10200112
20011202
00212022
00011211
00122021
20011020
10021221
20012021
00000102
00222002
10211111
20021000
22020012
20221021
20210101
20110221
20022001
10010220
20111010
20222122
00022110
10100122
10211212
10121211
00011101
20112011
20210202
20120201
10012010
00210211
10020200
20210020
20001012
00011202
10220221
10111121
10221010
00011020
10110210
10000111
20220000
10222011
00012021
10211102
10111222
10121101
00021000
02020012
10000212
00221021
00210101
00110221
00022001
10121202
00111010
00222122
20112002
20021120
10121020
10110100
20200012
00112011
00210202
00120201
20022121
10212022
10011211
10122021
00210020
00001012
20010201
10000102
20022222
10222002
20211011
20121110
00220000
20212112
20122111
20100022
10022110
20220120
10011101
20122212
00112002
00021120
10210211
00200012
10011202
20111021
00022121
10011020
20112122
20000011
00010201
10012021
20211002
00022222
20121001
00211011
00121110
10021000
20122102
12020012
10221021
00212112
10210101
10110221
00122111
10022001
20011110
00100022
10111010
10222122
00220120
20012111
20110000
10112011
10210202
00122212
10120201
10210020
10001012
20221111
20012212
00111021
20000002
00112122
20020220
00000011
10220000
20221212
00211002
00121001
20210110
20022010
00122102
20011001
20211122
00011110
20121121
20012102
10112002
10021120
20120210
00012111
00110000
10200012
10022121
20221102
20121222
00221111
00012212
10010201
20110120
00000002
10022222
00020220
10211011
10121110
00221212
10212112
20210001
20120100
10122111
20000122
00210110
20222022
00022010
10100022
20021211
10220120
00011001
00211122
00121121
10122212
00012102
00120210
20011121
10111021
00221102
20010210
20100112
00121222
10112122
10000011
00110120
20011222
20021101
10211002
10121001
10122102
20220211
20111111
00210001
00120100
20021202
00000122
10011110
00222022
00021211
20021020
20010100
10012111
10110000
20111212
20210121
20022021
10221111
00011121
10012212
20210222
00010210
00100112
10000002
20220101
20120221
10020220
20121010
10221212
00011222
00021101
20212012
20122011
20220202
10210110
20111102
10022010
00220211
20220020
00111111
10011001
00021202
10211122
10121121
10012102
00021020
10120210
00010100
00111212
00210121
00022021
10221102
10121222
20112022
10110120
00210222
00220101
00120221
00121010
20122002
20010221
00212012
10210001
10120100
00122011
00220202
20011010
10000122
00111102
10222022
10021211
00220020
20012011
20020201
20221011
10011121
20110211
10010210
20222112
10100112
00112022
10011222
10021101
20210010
00122002
10220211
00010221
10111111
10021202
20211022
00011010
20121021
20012002
20110101
10021020
10010100
00012011
20122122
10111212
00020201
10210121
10022021
20221002
20110202
00221011
00110211
20110020
10210222
00222112
10220101
10120221
20021110
10121010
20022111
10212012
20120000
10122011
20000022
10220202
00210010
10111102
10220020
00211022
20022212
00121021
00012002
00110101
00122122
20011021
00221002
20100012
00110202
20012122
20220110
10112022
00110020
20021001
20221122
00021110
20022102
10122002
10010221
20111011
00022111
00120000
00000022
10011010
20112112
20010000
10012011
00022212
10020201
20210021
20120120
10221011
00011021
10110211
00100012
10222112
20220001
00012122
00220110
00021001
00221122
10210010
20111002
00022102
00111011
20021121
10211022
10121021
00112112
10012002
10110101
20020210
00010000
10122122
00210021
00120120
20021222
10221002
10110202
20010120
10110020
20211112
20121111
00220001
10021110
20020100
10022111
10120000
20121212
10000022
20220121
00111002
20110110
00021121
10022212
20220222
00020210
20111122
10011021
20000112
00021222
20222012
10100012
10012122
10220110
20121102
00010120
00211112
00121111
10021001
10221122
10022102
20011111
00020100
10111011
00121212
00220121
10112112
20110001
00110110
10010000
20011212
20122022
10210021
10120120
00220222
00111122
00000112
20020221
00222012
10220001
20021010
00121102
20210111
20022011
20011102
10111002
00011111
20210212
10021121
20120211
00110001
10020210
00011212
00122022
10021222
20012022
20110121
20220010
10010120
10211112
00020221
10121111
20221022
00021010
20210102
20110222
20022002
20120101
00210111
10020100
00022011
10121212
00011102
10220121
20112012
20120202
10110110
00210212
00120211
20120020
10220222
10111122
20010211
10000112
10222012
00012022
00110121
00220010
10121102
00221022
00210102
00110222
00022002
00120101
10011111
20021021
20010101
00112012
10110001
00120202
20022122
10011212
10122022
00120020
20010202
00010211
20010020
20211012
10020221
20121011
10021010
20122112
10210111
20020000
10022011
10011102
20220021
20110010
10210212
00021021
10120211
00010101
20111022
00022122
20000012
00010202
10012022
10110121
10220010
20121002
00010020
00211012
00121011
10221022
10210102
10110222
00122112
10022002
10120101
20011011
00020000
20012112
00220021
10112012
10120202
00110010
20020120
10120020
20221112
00111022
10010211
00000012
00121002
20210011
20120110
20011002
00011011
20121122
10021021
00012112
10010101
10022122
00020120
00221112
10010202
20110021
10010020
20021111
10211012
10121011
20210002
10122112
20120001
00210011
00120110
10020000
20021212
00011002
10220021
20010110
00121122
10110010
20011122
10111022
10000012
20220111
00110021
20021102
10121002
00021111
20220212
20111112
00210002
00120001
10011011
00021212
10012112
20010001
20210122
00010110
20022022
20120121
10020120
10221112
00011122
20220102
20120222
00220111
00021102
20122012
10210011
10120110
00220212
00111112
10011002
10121122
20020211
00010001
00210122
00022022
00120121
20010121
10110021
00220102
00120222
10021111
20010222
20020101
10210002
00122012
10120001
10021212
20012012
20110111
20020202
10010110
00020211
20020020
20221012
10011122
20110212
10220111
00010121
10021102
20120010
10220212
00010222
10111112
00020101
20121022
20110102
00012012
00110111
10010001
00020202
10210122
10022022
10120121
00020020
00221012
00110212
10220102
10120222
20021011
20022112
10122012
00120010
20010010
00121022
00110102
10020211
20011022
20220011
10010121
20021002
00021011
10010222
20111012
00022112
10020101
10012012
10110111
10020202
20210022
00010010
20120021
10020020
10221012
00011022
10110212
20220002
00220011
00021002
20020110
10120010
00111012
20021122
10121022
10110102
00210022
00120021
20010021
20121112
00220002
10021011
10022112
20020001
20220122
00020110
20110011
00021122
10010010
10011022
10220011
00010021
00121112
10021002
20011112
10111012
00020001
00220122
20110002
00110011
20020121
10210022
10120021
20020222
10220002
20210112
20022012
20120111
10020110
00011112
10021122
20120212
00110002
00020121
20110122
10010021
00020222
10121112
20120102
00210112
00022012
00120111
10020001
10220122
20010111
10110011
00120212
20010212
00110122
20020010
00120102
10011112
20021022
20010102
10110002
00010111
10020121
00010212
10020222
20121012
10210112
10022012
10120111
20220022
00020010
00021022
10120212
00010102
10110122
00121012
10120102
20011012
00220022
10010111
20020021
10010212
20210012
20120011
10020010
00011012
10021022
10010102
00020021
20110022
20021112
10121012
20120002
00210012
00120011
10220022
20010011
20220112
00110022
00021112
00120002
10011012
20010002
00010011
20120122
10020021
00220112
20020111
10210012
10120011
20020212
00010002
00120122
20010122
10110022
10021112
20020102
10120002
00020111
20110112
10010011
00020212
10220112
00010122
00020102
00110112
10010002
10120122
20021012
10020111
10020212
20220012
10010122
00021012
10020102
10110112
20120022
00220012
20020011
00120022
20010022
10021012
20020002
00020011
20110012
10220012
00010022
00020002
00110012
20020122
10120022
20120112
10020011
00020122
10010022
00120112
10020002
20010112
10110012
00010112
10020122
10120112
10010112
20020022
20120012
00020022
00120012
20010012
00010012
10020022
20020112
10120012
00020112
10010012
10020112
20020012
00020012
10020012