63555306  288  288
56555053  192  480
56522553  96  576
52555603  96  672
63555203  96  768
66550003  72  840
03555053  64  904
53055303  64  968
56255052  48  1016
63521513  48  1064
66520050  36  1100
66220503  36  1136
66212550  36  1172
66205003  36  1208
02555303  32  1240
53225552  32  1272
53052053  32  1304
03522553  32  1336
56125052  24  1360
56221523  24  1384
62525302  24  1408
56525202  24  1432
63220055  24  1456
66250002  18  1474
62025006  18  1492
66212511  18  1510
66120500  18  1528
53502050  16  1544
03052033  16  1560
53205500  16  1576
03255052  16  1592
50115550  16  1608
53052203  16  1624
53210053  16  1640
53105300  16  1656
53220550  16  1672
53211513  16  1688
53055002  16  1704
53210503  16  1720
02525313  16  1736
53021053  16  1752
53022513  16  1768
56050000  12  1780
62215302  12  1792
63220502  12  1804
63115012  12  1816
56121520  12  1828
56512202  12  1840
52221516  12  1852
63122512  12  1864
66202002  9  1873
66120002  9  1882
52015030  8  1890
03225512  8  1898
23212525  8  1906
52025103  8  1914
53112151  8  1922
53220115  8  1930
03052500  8  1938
53052102  8  1946
53502011  8  1954
53110013  8  1962
03521520  8  1970
02515013  8  1978
02525320  8  1986
03255202  8  1994
03051300  8  2002
53021230  8  2010
55112150  8  2018
02255203  8  2026
53120131  8  2034
53011050  8  2042
23211523  8  2050
53502101  8  2058
53201013  8  2066
53200003  8  2074
53102005  8  2082
53210510  8  2090
50025052  8  2098
50512512  8  2106
53022520  8  2114
53110103  8  2122
52022350  8  2130
53120150  8  2138
52222552  8  2146
03125052  8  2154
50120055  8  2162
53020005  8  2170
63021110  6  2176
56112022  6  2182
62115002  6  2188
62220051  6  2194
56211202  6  2200
