02022002
22212220
12211021
00210101
20110011
11202101
11012200
01112201
02111010
20020002
01211012
22220012
01221211
12012100
02112101
00220210
11201100
00022012
01111200
22120200
12212022
00021101
12222221
02221111
21220202
20110101
02122210
02111100
01222212
10012110
01211102
00112111
21111012
22220102
12221220
21121211
20120210
21020010
02220020
12120002
22201001
00022102
02222112
10211121
22121111
10112220
11012020
00111110
01112021
20220112
21122212
21111102
10120012
20201011
22202002
01111020
21020100
10212122
22120020
00202200
22122112
21220022
01022110
20012201
22212211
01221121
20202012
00220120
10120102
20201101
01122220
20011200
22211210
10210201
20102200
10101001
21002000
02122120
01222122
12112201
20202102
21121121
10011002
20120120
11200000
12211012
10021201
00202020
10102002
12221211
00020001
02220011
11120110
20012021
12111200
02110000
11211202
10112211
11012011
01210002
21122122
01220201
10022202
20011020
12222212
21212221
12211102
10210021
20102020
21202110
10111210
11011010
01111011
02220101
22120011
00110010
11102010
22212121
00121202
01021002
21211220
11012101
12112021
21110002
21120201
10211112
20022220
10021021
22211120
00220111
01112012
11022210
01122211
11011100
01111101
12111020
22120101
00110100
02202001
11102100
11211022
11221221
12022110
02122111
10220220
01220021
10022022
01121210
20200001
02201000
12221121
01112102
20120111
00202011
12122220
02121110
22011001
00121022
22102001
11222222
01221112
10112121
21120021
00201010
12222122
22210200
22101000
20011011
10111120
22012002
22022201
00202101
21201002
20102011
00012200
02212210
21121112
21211211
22021200
00201100
20210210
20101010
12210002
20012012
12220201
20022211
11022120
01122121
20011101
22211111
20102101
22112210
12111011
21212212
20021210
12021002
10210012
01121120
10220211
20101100
22210020
20012102
11111201
22212112
10110200
11010000
01110001
22022021
00012020
12112012
12122211
12111101
10021012
22021020
10210102
01212220
11112202
12220021
20221222
12121210
02120010
11221212
10111111
21012110
02212120
12112102
01220012
10021102
12221112
21211121
01120200
20210120
21112220
11111021
20022121
10110020
10202201
11210110
10112112
02120100
11022111
22112120
01220102
21120012
02012001
21212122
20021120
10201200
01201001
00200000
10220121
11112022
11122221
11021110
01121111
00120110
20010001
22210011
02011000
02102000
12122121
00211202
00012011
21120102
11121220
01202002
01120020
21210201
21101001
01122112
20100000
10202021
22021011
12121120
00011010
01212211
02022200
22210101
00102010
11221122
12110001
20111202
00012101
21011002
02212111
21021201
10201020
21102002
20020200
01211210
22220210
22022012
22021101
00022210
20210111
00011100
12212220
21112211
02211110
00102100
10110011
00211022
00221221
21022202
10020002
22112111
12220012
21210021
21111210
20021111
22022102
12120200
02022020
22111110
11220202
10110101
00222222
20111022
21211112
20121221
21021021
20020020
11111012
12220102
20022112
11121211
10120210
11020010
01120011
22202200
12201001
01212121
12121111
21220220
20122222
21022022
10220112
11122212
01211120
11111102
22220120
20202210
10201011
12202002
11020100
01120101
12120020
00022120
12122112
21112121
11220022
10012201
12212211
10202012
21111120
10201101
22202020
10011200
00111201
01011001
22020001
12211210
00010000
10102200
11002000
01102001
02210010
02221202
02022011
01210200
01101000
10202102
11121121
00112202
01012002
20020011
10120120
01022201
02021010
02210100
00221212
22110010
10012021
22121202
02022101
21210012
21220211
01021200
11122122
21110200
20202120
10011020
00111021
20020101
11212221
01211111
22220111
02021100
10102020
00210110
11202110
01112210
12120011
22110100
20121212
00022111
21021012
02221022
12212121
21210102
11211220
02112110
01210020
11110002
00112022
11120201
01212112
10022220
00122221
00021110
01022021
12211120
21111111
20002001
20110110
22202011
12120101
21021102
22121022
00121220
01021020
20001000
21110020
21202201
22201010
10200001
21112112
10120111
00221122
22202101
22012200
12011001
21201200
12102001
21220121
11120021
22201100
12210200
12101000
20202111
20012210
10011011
12012002
01112120
20121122
12022201
11201002
10102011
20211221
11121112
20201110
21202021
02111002
11211211
12021200
02121201
10210210
10101010
01210011
10012012
02020000
10022211
10011101
22012020
00220202
12211111
21201020
10102101
20212222
12112210
00111012
11212212
10021210
00121211
01021011
02122202
00020010
10101100
01210101
12210020
21110011
10012102
12212112
12022021
20120202
21020002
01220210
00122212
01022012
00111102
01021101
12021020
02121021
00020100
02220110
21110101
10221222
20012120
00220022
11012110
01112111
21120210
01022102
02122022
11211121
22200000
10210120
11112220
01111110
22120110
00002000
10022121
02202010
20120022
21220112
22211202
22012011
12112120
11120012
21201011
20200010
11212122
10021120
00121121
01202200
21012201
22011010
10010001
02202100
12210011
22102010
20211212
21202012
22012101
01220120
11120102
21201101
00122122
21011200
20200100
11210201
21102200
11101001
00212221
10100000
22022210
12021011
00202110
22011100
12210101
22102100
20012111
22211022
22221221
21202102
00211220
10111202
11011002
21120120
11021201
00110002
01202020
11102002
10020200
00120201
01020001
12220210
12022012
20112221
20011110
21012021
12021101
10210111
20102110
11112211
22222222
11022202
02121012
20111220
21011020
12112111
11210021
21102020
11111210
10021111
01110010
12022102
01121202
20211122
12111110
10111022
11211112
10121221
21022220
11021021
02121102
10020020
00120021
01220111
10022112
02211201
01110100
22022120
12202200
00201002
11220220
10122222
11022022
00121112
21200001
00211211
02212202
12220120
21120111
10202210
01202011
22111201
22010000
01121022
11112121
20210202
20101002
02012010
01201010
00212212
20111211
21011011
02211021
22112202
11111120
20010010
01202101
12202020
21102011
01012200
12020001
20021202
22221212
02012100
01201100
21210210
21101010
20112212
21012012
02212022
21022211
02222221
21011101
22111021
10020011
20010100
21102101
22210110
20210022
22022111
12110010
20220221
00012110
21021210
02221220
12121202
11210012
02120002
11220211
21101100
00211121
21012102
22112022
11110200
10202120
22122221
22021110
00112220
01012020
10020101
12220111
20021022
12110100
10121212
11021012
00120012
22121220
11210102
00212122
21221222
20111121
11111111
10002001
10110110
22221122
12202011
11021102
12121022
00120102
21210120
20112122
10001000
00210201
00101001
21022121
11110020
11202201
12201010
11112112
12202101
12012200
02112201
21021120
11201200
00011002
01200000
02211012
11220121
00021201
00102002
02221211
01120110
20110201
21010001
12201100
02111200
10202111
10012210
01211202
00112211
01012011
22220202
10121122
00022202
02222212
10211221
02211102
21100000
22111012
00210021
10201110
22121211
11202021
00111210
01011010
22020010
01102010
20220212
21111202
01012101
12012020
02112021
11201020
21020200
10212222
00211112
00021021
22122212
22111102
20110021
01022210
21210111
01011100
02111020
22020100
01102100
11110011
01211022
22220022
01221221
02022110
00220220
10120202
11020002
20201201
00022022
20111112
21021111
02221121
20020110
02122220
22002000
11110101
01222222
10012120
00112121
21111022
20202202
21121221
20120220
21020020
21022112
02222122
11120210
22121121
00111120
12200000
20002010
20220122
12120110
21122222
10120022
20201021
11220112
12211202
12012011
02210002
21202210
11201011
22122122
02220201
10200010
01022120
22212221
20002100
22202110
11012201
12011010
02111011
20202022
12102010
10211212
02021002
00210012
11202012
22211220
12012101
00220211
22110002
11201101
11011200
01111201
10200100
22120201
00110200
01010000
11102200
02112012
12022210
02122211
12011100
02111101
00021012
12102100
10012111
12211022
00210102
20110012
12221221
11202102
01112202
20120211
21020011
02220021
11120120
02121210
01221212
10112221
10011110
11012021
00111111
02112102
10102110
00021102
12222222
02221112
20110102
21202120
10111220
11011020
01111021
21020101
22120021
00110020
00202201
11102020
01210110
00112112
21121212
01022111
22201002
10211122
00201200
22121112
00220121
01112022
11022220
01122221
01021110
20011201
22211211
20102201
21002001
21110110
20201012
12022120
02122121
01121220
20101200
21001000
20012202
20120121
11200001
22212212
00202021
02121120
11120111
01221122
12111201
20201102
12010000
02110001
00201020
10210202
10101002
20011021
20102021
21202111
10111211
21012210
11011011
02212220
12112202
10010010
00110011
21121122
11102011
10021202
12221212
21211221
00020002
22012110
02220012
20210220
20101020
21201110
20012022
20022221
11210210
11101010
22211121
10112212
11012012
02120200
11022211
11011101
22112220
12111021
01220202
10010100
00110101
11102101
12210110
21212222
20021220
10210022
12022111
10220221
01111012
02220102
22120012
11021210
01121211
22212122
00120210
01020010
02201001
11101100
11012102
12112022
12122221
12021110
02121111
21120202
10021022
00220112
01122212
01111102
22120102
00201011
12121220
02202002
01020100
02120020
22210201
22101001
11221222
02122112
10111121
21012120
01220022
00012201
20200002
02212211
12221122
20120112
00202012
22011002
22021201
00201101
20210211
20101011
11210120
22102002
00011200
10112122
02211210
00102200
01002000
11022121
21120022
22112211
20011012
21200010
20021211
22022202
11021120
00202102
01121121
20102012
00120120
20101101
22210021
22111210
10110201
11010001
00012021
21211212
12220202
20022212
01122122
20011102
21200100
22211112
22021021
20102102
00011020
01212221
11100000
12111012
00102020
12121211
01202110
12020010
02120011
21012111
02212121
10220212
01211220
11111202
22220220
01110002
22022022
11020200
01120201
00022220
20210121
12122212
21112221
21011110
02211120
12111102
10110021
11210111
21102110
12020100
02120101
22112121
12220022
21111220
20021121
10201201
00200001
10111112
11021111
22111120
10020110
00120111
02011001
21211122
12002000
02102001
11111022
20022122
10202202
11121221
10120220
11020020
01120021
11022112
20100001
02210200
02101000
12121121
00011011
02012002
02022201
10002010
01201002
00102011
10220122
11122222
01121112
20010002
20202220
10201021
22210012
20020201
01211211
22220211
02021200
00210210
00101010
11202210
12122122
00012012
22110200
00022211
00011101
12212221
02211111
10002100
21210202
00102101
21101002
12202110
02112210
10202022
22021012
01212212
00021210
22210102
12211220
21111211
00101100
20110210
21010010
02210020
12110002
00012102
12120201
02212112
21021202
02022021
22111111
22021102
20210112
20020021
21112212
02021020
10110012
10120211
11020011
21010100
00221222
22110020
22202201
22112112
21210022
21220221
01012110
20021112
22201200
01211121
22220121
00210120
10110102
20202211
11202120
01112220
11020101
12120021
20121222
00022121
21021022
11121212
02112120
01120012
20201210
12201002
01212122
00021120
12121112
21111121
20110120
22202021
10011201
12211211
00010001
10102201
11002001
02210011
11110110
10201012
01120102
22201020
21112122
10101200
11001000
01210201
01101001
10012202
00100000
10120121
12212212
02021011
02210101
22110011
10201102
00111202
01011002
22020002
01021201
01102002
00020200
02220210
21110201
20202121
02022012
20012220
10011021
02021101
10102021
00210111
11202111
11012210
01112211
22110101
11121122
20020012
20201120
01022202
11211221
12012110
02112111
10210220
10101020
01210021
11201110
10012022
01111210
22120210
10022221
00021111
02022102
12211121
21220212
20110111
12112220
02111110
00111022
20020102
11212222
01211112
22220112
10021220
00121221
01021021
00020020
20001001
12120012
21110021
22201011
00022112
12212122
02202200
22012201
01220220
11120202
21201201
00122222
01022022
20200200
21111112
20002002
22202012
21020110
02220120
12120102
22201101
00202210
22011200
12210201
22102200
12101001
20012211
11012120
01112121
21202202
10200002
21120220
10120112
20201111
22202102
20011210
12011002
01111120
22120120
12021201
10210211
20102210
10101011
21002010
02202020
12102002
02020001
21220122
22012021
11120022
21201021
20200020
12112211
20202112
10011012
11200010
10021211
12022202
10102012
22011020
00020011
10101101
21002100
12210021
22102020
20211222
12111210
21202022
02110010
11211212
02121202
01210012
01220211
10022212
10011102
11200100
12211112
01110200
22022220
12021021
00202120
10102102
00020101
02220111
20012121
02110100
00121212
01021012
11012111
01210102
21110012
12220220
21120211
12022022
20011120
22200001
10210121
20102120
11112221
11011110
01111111
22120111
00002001
00110110
02202011
11102110
01021102
02121022
12112121
21110102
11111220
20200011
00001000
10021121
01110020
01202201
02201010
01112112
22011011
12111120
02202101
22102011
02012200
11211122
01201200
01220121
10022122
21011201
20200101
20010200
21102201
02201100
22210210
22101010
10100001
22012012
22022211
00202111
21201012
22011101
00012210
00121122
22102101
21101200
00211221
21012202
21120121
10010002
10202220
22021210
00201110
01202021
12210012
10020201
12220211
22101100
20011111
22012102
12110200
21201102
20102111
02012020
01201020
11210202
11101002
00212222
12021012
20111221
21011021
20010020
20101110
21102021
12210102
20012112
11111211
10110210
22221222
11010010
01110011
11021202
00120202
01020002
12111111
21210220
21101020
20112222
21012022
21022221
12021102
10210112
10020021
11112212
22210120
11010100
01110101
22022121
12110020
12202201
00012120
12112112
21021220
11210022
11220221
10021112
01120210
22021120
12201200
02200000
12220121
10202211
02120110
22010001
10121222
11021022
00120022
01220112
02211202
02012011
10201210
01201011
00200010
11111121
22100000
20010011
10110120
12202021
01012201
02011010
21200002
02102010
00211212
21120112
01202012
22111202
02012101
01201101
21210211
12201020
21101011
01011200
22020200
00200100
20100010
11112122
01102200
20010101
02022210
22210111
02011100
02102100
12110011
20111212
00012111
21011012
02211022
21021211
02221221
01202102
21102012
20020210
12020002
01120120
21101101
20100100
11110201
10202121
22021111
10012220
00112221
00011110
01012021
00102110
12110101
21022212
02222222
21011102
22111022
10020012
10201120
22121221
21102102
00111220
01011020
22020020
01102020
22022112
20220222
12120210
11220212
10110111
00211122
22122222
10020102
12220112
01022220
21210121
20002200
10001001
11110021
22202210
12201011
02022120
20111122
12012201
21021121
11201201
20020120
10200200
01200001
11111112
10002002
12202012
11020110
01120111
12201101
12011200
02111201
02010000
12102200
10012211
00210202
00101002
21022122
11202202
11120220
21100001
20002020
10201111
12202102
10011210
00111211
01011011
02112202
22020011
12120120
00010010
10102210
11002010
01102011
11220122
00021202
02221212
12012021
20110202
21010002
21202220
11201021
21020201
10200020
01210210
01101010
10202112
00112212
01012012
01022211
22202120
01011101
12011020
02111021
22020101
00010100
11002100
01102101
12102020
02210110
10211222
00210022
22121212
11202022
02022111
00220221
01021210
01101100
21110210
01012102
20020111
02112022
12022220
02122221
02021110
00021022
22002001
22110110
10012121
20110022
21210112
20120221
21020021
02121220
11110012
11120211
22001000
01221222
10011120
00111121
12200001
20201202
20002011
10102120
12120111
21021112
02221122
20001010
01210120
11110102
21202211
00112122
10200011
21121222
01022121
20002101
22202111
22012210
12011011
21201210
22121122
12102011
01021120
22211221
20001100
21110120
22201110
11011201
10200101
10010200
00110201
01010001
20201022
11102201
12210210
12101010
12012012
12022211
11201012
12011101
02220202
12102101
22212222
11101200
11012202
01100000
02111012
11120121
12021210
02121211
02020010
12101100
10011111
12012102
00220212
11201102
10102111
01111202
22120202
01020200
21202121
02122212
10111221
21012220
11011021
02111102
10010020
00110021
10101110
11102021
01210111
10012112
02020100
12221222
22012120
20120212
21020012
02220022
21201120
00201201
11210220
11101020
10112222
11012022
00111112
11022221
01021111
00020110
12210120
21110111
02002000
12022121
01111022
21020102
22120022
11021220
00202202
01121221
00120220
01020020
20101201
21001001
01022112
20000000
22200010
12021120
02121121
00002010
00220122
12010001
01122222
20011202
21200200
22211212
00201021
20102202
21002002
01202210
02122122
22200100
21012211
02212221
12100000
00002100
10010011
02202110
20120122
11200002
00202022
22012111
20210221
20101021
11120112
21201111
21011210
02211220
12111202
20200110
02110002
11210211
21102210
11101011
12020200
02120201
10100010
22112221
22011110
10010101
12210111
20011022
22102110
21200020
20021221
20102022
21202112
10111212
11011012
11021211
00110012
11102012
22111220
10020210
00120211
01020011
11101101
21211222
10100100
12021111
20022222
22211122
11022212
11011102
12111022
00110102
12121221
01202120
11102102
01020101
12020020
02120021
12022112
21012121
10220222
01121212
02201002
12122222
02121112
21011120
11210121
21102120
00011201
02211211
10002200
00102201
01002001
01110110
12202210
00201012
22210202
22101002
10111122
21200011
00101200
01001000
11021121
00012202
10020120
00120121
02212212
22111211
22010010
22021202
00201102
20210212
20101012
11022122
21200101
21010200
00011021
11100001
22112212
10002020
00102021
01202111
01012210
12020011
22010100
20021212
01121122
20101102
22210022
01211221
22220221
02012110
00210220
00101020
10110202
11010002
11202220
01201110
00012022
11020201
00022221
21011111
02211121
20010110
12202120
21102111
02112220
12020101
22021022
01212222
00021220
12121212
21111221
02120012
20110220
21010020
21101110
21012112
02212122
11110210
22111121
10020111
01120202
20210122
12002001
12110110
21112222
10110022
11210112
10120221
11020021
02120102
22112122
12001000
02210201
02101001
01012120
20021122
10201202
10002011
00200002
11021112
00120112
20202221
02011002
02021201
10001010
00210211
00101011
02102002
11202211
22110201
11121222
01120022
20201220
10002101
12202111
20100002
12012210
02112211
11201210
12121122
00011012
01200010
00021211
02022202
00102012
12211221
10001100
00101101
20110211
21010011
02210021
11110120
12201110
02111210
10201022
20020202
01211212
22220212
00022212
00011102
12212222
01200100
02211112
21100010
02021021
00102102
21010101
22110021
21111212
01012111
21020210
02220220
12120202
22201201
02022022
21100100
22111112
00210121
11202121
11012220
01112221
01011110
22020110
01102110
20020022
12012120
02112121
10120212
11020012
20201211
22202202
11201120
01111220
22120220
00021121
21220222
20110121
02111120
22002010
11110111
01211122
22220122
20202212
11020102
12120022
22201021
00022122
10101201
21002200
11001001
10000000
00100001
12200010
22002100
21111122
22202022
10011202
21020120
11200200
12211212
00010002
00202220
10102202
11002002
02210012
00020201
02220211
20012221
12200100
02110200
20002110
11012211
01210202
01101002
10120122
20201121
02021012
20011220
12012111
10210221
20102220
10101021
21002020
02210102
22110012
11201111
11011210
01111211
10200110
22120211
00110210
01010010
11102210
01021202
12112221
12011110
02111111
21110202
20202122
10011022
12102110
11200020
10021221
02021102
10102022
00210112
11202112
00020021
01112212
22110102
12111220
01010100
02110020
02202201
11211222
02112112
01210022
01220221
10022222
00021112
20200201
12211122
02201200
20110112
21020111
02220121
00202211
22011201
00121222
01021022
22102201
11012121
20001002
21110022
22201012
21120221
00201210
22101200
20011211
22012202
11011120
01111121
22120121
00110120
21201202
20102211
21002011
02202021
11102120
22201102
20200021
20101210
21001010
02201020
12210202
12101002
20012212
01112122
11200011
22011021
21002101
22102021
12111211
20201112
12010010
02110011
12021202
10210212
10101012
02020002
21001100
22210220
22101020
22012022
11200101
11010200
01110201
22022221
00202121
21201022
00012220
12112212
12010100
10021212
02110101
00020012
22021220
00201120
10101102
12210022
12220221
20011121
02120210
20102121
11011111
01220212
10010110
00110111
11102111
12021022
00020102
02220112
20101120
20012122
11111221
00001001
10110220
11010020
01110021
02201011
11101110
11012112
12111121
21120212
02012201
22200002
01201201
10210122
00200200
11112222
01111112
22120112
00002002
02202012
01020110
20010201
02201101
22210211
22101011
02011200
12112122
02102200
00012211
20200012
10021122
01202202
01120220
21101201
20100200
21000000
22011012
10202221
22021211
00201111
02202102
22102012
00011210
02120120
22101101
00102210
01002010
01220122
12110201
21011202
02012021
20200102
10201220
01201021
21102202
00200020
10100002
22022212
00202112
22011102
20010021
20101111
22102102
02011020
10110211
01002100
11010011
02102020
00211222
21120122
01202022
10020202
12220212
21210221
21101021
20011112
20100020
21200110
20102112
11100010
02022220
22210121
11010101
12110021
20111222
00012121
21011022
21021221
21102022
20020220
11111212
01110012
11020210
01120211
22021121
12201201
00011120
02200001
11100100
12111112
00102120
12020110
02120111
21022222
10020022
10201211
01110102
22022122
12202202
00200011
12120220
22100001
11220222
10110121
02011011
12002010
02102011
12220122
10202212
22010002
22202220
12201021
01011201
22020201
00200101
20100011
00010200
11002200
01102201
02210210
02101010
02012012
02022211
01201012
02011101
12002100
02102101
11111122
20010012
01101200
12202022
01012202
20020211
11020120
01120121
02021210
20100101
02101100
22110210
10012221
00011111
02012102
10002110
01201102
21210212
00102111
21101012
20010102
10201121
22210112
10011220
00111221
01011021
22020021
00010020
10102220
11002020
00101110
01102021
12110012
00012112
12120211
21021212
02221222
21101102
01210220
01101020
11110202
10202122
22021112
00112222
01012022
01022221
20002201
21010110
02210120
12110102
22202211
22121222
02022121
01021220
20001200
21110220
22201210
20020121
10200201
02021120
10110112
11020111
22110120
12011201
02010001
21210122
12102201
10001002
11110022
12201012
11120221
20002021
12101200
10011211
12012202
02100000
12120121
00010011
21021122
11201202
10102211
11002011
01200002
20001020
01120112
21202221
12201102
02111202
10200021
10101210
11001010
01210211
01101011
10012212
02020200
00100010
22202121
22012220
12011021
00010101
21201220
11002101
12102021
02210111
21100002
10201112
00111212
01011012
22020012
01021211
22201120
01102012
00020210
11001100
01101101
12210220
21110211
12101020
12012022
00100100
12022221
11201022
02021111
21020202
22110111
01022212
01011102
02111022
22020102
12021220
02121221
01102102
02020020
22001001
02022112
10011121
00220222
10102121
20020112
02122222
22200200
20001011
10101120
22002002
01210121
10012122
00002200
02202210
20120222
21020022
22012211
11120212
21201211
00111122
20200210
12200002
01021121
20002012
00020120
20001101
12120112
21110121
22201111
22011210
10010201
12210211
22102210
12101011
21202212
10200012
01022122
22200020
20002102
11101201
22202112
10100200
11000000
12011012
01100001
00002020
12021211
12102012
02020011
12101101
22211222
11011202
10200102
00110202
01010002
01202220
11102202
01020201
12022212
21012221
12011102
10010021
10101111
21002110
02202120
12102102
02020101
22012121
11120122
21201121
02121212
21011220
20200120
11210221
21102220
11101021
10011112
10100020
11200110
01110210
10102112
22011120
00020111
12210121
22102120
02002001
21202122
02110110
10111222
11011022
11021221
00110022
11102022
01210112
10020220
00120221
01020021
20000001
22200011
02001000
12021121
00201202
00002011
11022222
01021112
21200201
21110112
00001010
01202211
12022122
22200101
22010200
01121222
12100001
20101202
00002101
21001002
02202111
02012210
01201210
02121122
21011211
02211221
20200111
00001100
20010210
12010002
01110120
12202220
21102211
02201110
12020201
10100011
00201022
22011111
22102111
21200021
21101210
21012212
02212222
10010012
22111221
10020211
22010020
22101110
10100101
22012112
20210222
20101022
12110210
21201112
11210212
11101012
02120202
22112222
10010102
01202121
12210112
01012220
12020021
20021222
11021212
02012120
00120212
01020012
01201120
11101102
12021112
21011121
20010120
21102121
10002201
11010110
01110111
12202211
12121222
01020102
02120022
21101120
21012122
10001200
00101201
01001001
11110220
12201210
00000000
10020121
02200010
22010011
12110120
11210122
00011202
01200200
02211212
00102202
01002002
21010201
02200100
22100010
10002021
01012211
21200012
22010101
11021122
00120122
21100200
22111212
02012111
10001020
00210221
00101021
11202221
01201111
01011210
22020210
00200110
01102210
22100100
20010111
12202121
12012220
02112221
02011110
21200102
11201220
00011022
02102110
01200020
11100002
00021221
00102022
01202112
12020012
20110221
21010021
12201120
21101111
02111220
20100110
11110211
01211222
22220222
11020202
00022222
12110111
21011112
02211122
21100020
21102112
12020102
22002200
12001001
21111222
01012121
21020220
22111122
10020112
01011120
22020120
12200200
20002210
10001011
12002002
01102120
10120222
11020022
20201221
12012211
02210202
02101002
11201211
10200210
01200011
10002012
10001101
22002020
11110121
12201111
12011210
02111211
20202222
02010010
12102210
02021202
00210212
00101012
11202212
22110202
01200101
12200020
21100011
01010200
10002102
12202112
02112212
02010100
00021212
12211222
00101102
20110212
21010012
02210022
21020211
02220221
21100101
20002120
11012221
01011111
22020111
00010110
11002110
01102111
02021022
12012121
21010102
22110022
11201121
11011220
01111221
10200120
22120221
00110220
01010020
11102220
01101110
01012112
12011120
02111121
22201202
22002011
12102120
00210122
11202122
01112222
21002201
22001010
10000001
02112122
12200011
20201212
00021122
22002101
21001200
20110122
21020121
11200201
00202221
11110112
22001100
12200101
12010200
02110201
20002111
22201022
00201220
10101202
11001002
00100002
20011221
20102221
20001110
21002021
11011211
10200111
10010210
00110211
01010011
11102211
00020202
12011111
02220212
20101220
21001020
20012222
12102111
11200021
11101210
11012212
01100010
12111221
01010101
20201122
12010020
02110021
12101110
12012112
10210222
10101022
11201112
01111212
22120212
01020210
02201201
12112222
01100100
02111112
02020110
10021222
00020022
00201211
02202202
02120220
22101201
11011121
22000000
01220222
10010120
00110121
11102121
20200202
02002010
21020112
02220122
00202212
22011202
20101211
21001011
02201021
22102202
11101120
20000010
11012122
01002200
21120222
02002100
12010011
20011212
01111122
21200210
22120122
20102212
21002012
02202022
01020120
21001101
22210221
22101021
20000100
22200110
11010201
00012221
20200022
12100010
00002110
11200012
12010101
22011022
22021221
00201121
21002102
22102022
00011220
11100200
12111212
00102220
01002020
02110012
12020210
02120211
12100100
10010111
11200102
01110202
22022222
00202122
20101121
10110221
11010021
02110102
11101111
10100110
12220222
20011122
21200120
20102122
00200201
11011112
11100020
00110112
11102112
01020111
02011201
12002200
02102201
11111222
00001002
01110022
02201012
11020220
01120221
20100201
21000001
12111122
02101200
00011211
02012202
12020120
02120121
10002210
01201202
00102211
01002011
20010202
10201221
02201102
22210212
22101012
00200021
00101210
01001010
00012212
02011021
21101202
01002101
12002020
02102021
10202222
22021212
00201112
22101102
20100021
21200111
01001100
21010210
02210220
02101020
12110202
02012022
11100011
02022221
01201022
22010110
20010022
20101112
20020221
02021220
10110212
11010012
11020211
22110220
00011121
11100101
10002120
21210222
00102121
21101022
12020111
22210122
00101120
11010102
12110022
00012122
12120221
21021222
01120212
22021122
12201202
12002011
02200002
02120112
21010120
22202221
00010201
11002201
12001010
02210211
02101011
10201212
00200012
22201220
12002101
22100002
11001200
01101201
10110122
00100200
01000000
02011012
11020121
02021211
02102012
12001100
02101101
22110211
10002111
12201022
01011202
22020202
00200102
20100012
01102202
02022212
10011221
02011102
00010021
10102221
10001110
11002021
00101111
02102102
20020212
01120122
20100102
10101220
11001020
01210221
01101021
10012222
00011112
00100020
01200110
00102112
21010111
02210121
10201122
00111222
01011022
22020022
01021221
01102022
00020220
20001201
12120212
21110221
22201211
21100110
02021121
22110121
01022222
20002202
22202212
02022122
12101201
12000000
02100001
20020122
10200202
20001021
11020112
12011202
02010002
10101211
21002210
11001011
02202220
12102202
02020201
10000010
00100011
22012221
11120222
21201221
22002110
20200220
20002022
10011212
11200210
12120122
00010012
22201121
10102212
11002012
22011220
00020211
11001101
12210221
22102220
12101021
10000100
00100101
12200110
21202222
02110210
10200022
01210212
01101012
22202122
12011022
00010102
12021221
11002102
12102022
02210112
02020021
01021212
01101102
21110212
12022222
02021112
22200201
10101121
21002120
22110112
00002201
01010110
02202211
02121222
22001002
10011122
20200211
11200120
00001200
01110220
10102122
02201210
00020121
22011211
02110120
22102211
20001012
01210122
22200021
22101210
10100201
11000001
22012212
00002021
21201212
01021122
20001102
21110122
22201112
00001020
10010202
01202221
12210212
12101012
21002111
02202121
02012220
01201220
11101202
01100002
12021212
21011221
20200121
02020012
20010220
21102221
21001110
02201120
12101102
10100021
11200111
11010210
01110211
22011121
22102121
01020202
21101220
12010110
02110111
21012222
10010022
10101112
10020221
02020102
22101120
22012122
02001001
12110220
21201122
11210222
11101022
00020112
12210122
02200200
00001011
02002002
22010201
11021222
00120222
01020022
20000002
02012211
22200012
01201211
12021122
00200210
00002012
22100200
00001101
20010211
11010120
01110121
12202221
02201111
02011210
21200202
02102210
01202212
22200102
12201220
21101211
20100210
21000010
02200020
12100002
00002102
02202112
22010021
22101111
12110211
21011212
02211222
20200112
21102212
12020202
10100012
21000100
22011112
22100020
22102112
01012221
21200022
01002110
22111222
02012121
10020212
01201121
01011220
22020220
00200120
10100102
01102220
20010121
02011120
11010111
02102120
01202122
12020022
21101121
20100120
10001201
11110221
12201211
00000001
02200011
11100110
12110121
21011122
21102122
01200201
10002202
01110112
12202212
02200101
22100011
02010200
00101202
01001002
10020122
21100201
20002220
10001021
22010012
01011211
22020211
00200111
00010210
11002210
01102211
22100101
12012221
02011111
21010202
11201221
12002110
02102111
10200220
01200021
10002022
01101210
01012212
22010102
12201121
12011220
02111221
20100111
02010020
12102220
02101110
02012112
00210222
00101022
11202222
01201112
21100021
20010112
12202122
02112222
00021222
22002201
20110222
21010022
21101112
21020221
11110212
22001200
01011121
22020121
12200201
00010120
20002211
11002120
01102121
12110112
20001210
12001002
01101120
01012122
10200211
22002021
12011211
02010011
12102211
10001012
22001020
12200021
01010201
20201222
12101210
12012212
02100010
11201212
01200012
02010101
10001102
11110122
12201112
01100200
02111212
02020210
20002121
02100100
00010111
11002111
01200102
21100012
20001120
11011221
10200121
10010220
00110221
01010021
11102221
11001110
01101111
00100110
12011121
21020212
02220222
12102121
21100102
11101220
11012222
01011112
01100020
22020112
01102112
22001011
12101120
12012122
02002200
11201122
01111222
22120222
01020220
21001201
20000200
02111122
22200210
22002012
02020120
22001101
00002210
12010201
00201221
21002202
10000002
12200012
20001111
22002102
12100200
10010211
02002020
21020122
11200202
00202222
20101221
21001021
20000020
12200102
02110202
20002112
11101211
10100210
11000010
01100011
12010021
20011222
12101111
21200220
20102222
21002022
11011212
10200112
00110212
01010012
11102212
01020211
22200120
11000100
12011112
01100101
12100020
00002120
12102112
11200022
02020111
12111222
01010102
02110022
12020220
02120221
22000001
10010121
02201202
02002011
11101121
20000011
10100120
01002201
02001010
00201212
22101202
02002101
11011122
21200211
01001200
00110122
11102122
01020121
20000101
22200111
02001100
22010210
12100011
20101212
00002111
21001012
02201022
00011221
11100201
10002220
00102221
00001110
01002021
12010012
12020211
12100101
21001102
22210222
22101022
00101220
01001020
11010202
00012222
12010102
10100111
22021222
00201122
21200121
02120212
21010220
11100021
10010112
22010120
20101122
12002201
10110222
11010022
11101112
11020221
12001200
02101201
02000000
12020121
10002211
00200202
01020112
02011202
10001210
00101211
01001011
02102202
00000010
01120222
12002021
20100202
21000002
00011212
01200210
02120122
00102212
01002012
01001101
21010211
12001020
02210221
02101021
00000100
02200110
10201222
00200022
22010111
02011022
21100210
02021221
01002102
02102022
22110221
22100110
10002121
20100022
21200112
11100012
02022222
10001120
00101121
20020222
11020212
00011122
01200120
11100102
00102122
12020112
21010121
22002210
12001011
12120222
22201221
21100120
11001201
10000200
00100201
01000001
12200210
12002012
12001101
22202222
00010202
11002202
02210212
02101012
10001111
12002102
01101202
11020122
02021212
10101221
21002220
11001021
02101102
22110212
10000020
00100021
01200111
01010210
10002112
22002120
02010110
10011222
11200220
00010022
10102222
11002022
00101112
00020221
12200120
21100111
02110220
01210222
01101022
21010112
02210122
01021222
12000001
20001202
21110222
22201212
02021122
22110122
01010120
21002211
02202221
10000011
22002111
20200221
21001210
02201220
12101202
02100002
11200211
22011221
22102221
22001110
10000101
12200111
20001022
12010210
02110211
10101212
11001012
02020202
00100012
22101220
22012222
21201222
22201122
00020212
11001102
12210222
12101022
00100102
21002121
01010111
12021222
02020022
21001120
11200121
00001201
11010220
01110221
02201211
01100110
12010120
02110121
22200202
10101122
00002202
02202212
22101211
22000010
20200212
00020122
21000200
22011212
00001021
22102212
01002210
22000100
02012221
22200022
01201221
02002110
00200220
10100202
11000002
00002022
20010221
21001111
02201121
02011220
20000110
11010211
02102220
01202222
21101221
12010111
20100220
21000020
21002112
02202122
11100210
22101121
12110221
21011222
20200122
12100110
21102222
10100022
11200112
01110212
22011122
22102122
02200201
01002120
02110112
10020222
02001002
00200211
22100201
11010121
02011211
12002210
02102211
00001012
22010202
12201221
20100211
21000011
02200021
11100120
02101210
02012212
01201212
00001102
20010212
01110122
12202222
02201112
21000101
22100021
21101212
01002111
22010022
22101112
01011221
22020221
00200121
00010220
11002220
01102221
01001110
12110212
02011121
12002120
02102121
01101220
01012222
20100121
02101120
02012122
11100111
01201122
20010122
11010112
02010201
21101122
10001202
11110222
12201212
00000002
02200012
20002221
12110122
02100200
00010211
11002211
01200202
20001220
12002111
10200221
02200102
22100012
11001210
01101211
00100210
01000010
12011221
02010021
12102221
12001110
02101111
21100202
10001022
01011212
22020212
00200112
01102212
22100102
12101220
12012222
01000100
02011112
02100020
11201222
02102112
01200022
12201122
02111222
20100112
02020220
22001201
00010121
11002121
21100022
20001211
22002202
11001120
01101121
00100120
21020222
01011122
22020122
12200202
20002212
01102122
22001021
12101211
12000010
02100011
10200212
22200220
22002022
11000200
12011212
01100201
00002220
02010012
12102212
02020211
12000100
02100101
12200022
01010202
20001121
10010221
02010102
11001111
10000110
00100111
20002122
11101221
10100220
11000020
01100021
00010112
11002112
12101121
02002201
11011222
10200122
00110222
01010022
11102222
01101112
01020221
20000201
12011122
22200211
02001200
12102122
02020121
00002211
22001012
00001210
12100201
21001202
02002021
22001102
20000021
02001020
12010202
10100211
11000011
00201222
21200221
20001112
10010212
22200121
22010220
11000101
12100021
20101222
00002121
21001022
11101212
01100012
00001120
12010022
12101112
12020221
01020212
01100102
02020112
10100121
02001011
02120222
22000002
01001201
10010122
00000200
02200210
02002012
02001101
22010211
11101122
20000012
01002202
22100210
10002221
00001111
02002102
21200212
01020122
20000102
22200112
10001220
00101221
01001021
00000020
12100012
00002112
00011222
01200220
11100202
00102222
01002022
12020212
21010221
21000110
02200120
12100102
22010121
21100220
10100112
22100120
12001201
02000001
21200122
11100022
10001211
12002202
00000011
11020222
02101202
01200211
12020122
10002212
22002220
12001021
00000101
02200111
02010210
00101212
01001012
12200220
21100211
12002022
22100111
01001102
21010212
02210222
02101022
10001121
22010112
02021222
22110222
01200121
01010220
10002122
02010120
22002211
00101122
21100121
22001210
10000201
12200211
21010122
12001012
22201222
11001202
00100202
01000002
21002221
12001102
10000021
01010211
22002121
21001220
02010111
11200221
10001112
01100210
22001120
12200121
12010220
02110221
02100110
10101222
11001022
00100022
01200112
00020222
21100112
22000200
01010121
02002210
21001211
02201221
20000210
12000002
01100120
22001111
12010211
21002212
02202222
10000012
22101221
22000020
22002112
20200222
12100210
11200212
22011222
22102222
10000102
12200112
01002220
02110212
02002120
21001121
20000120
11010221
11000110
01100111
12010121
21002122
11100220
01010112
22000011
12100120
11200122
00001202
01110222
02201212
21000201
02110122
01002211
22000101
22101212
02002111
00200221
01001210
02011221
20000111
12002220
02102221
02001110
00001022
20100221
21000021
02101220
02012222
11100211
01201222
20010222
12100111
21001112
02201122
11010212
21101222
01002121
12010112
22101122
01001120
12110222
12002211
02200202
11100121
12001210
02101211
02000010
00200212
22100202
11010122
01000200
02011212
02102212
02000100
12201222
20100212
21000012
02200022
00010221
11002221
01001111
00000110
12002121
21000102
22100022
11001220
01101221
00100220
01000020
01002112
12001120
02101121
01011222
22020222
00200122
01102222
02011122
02102122
20100122
11100112
12000200
02100201
20001221
02010202
11001211
10000210
00100211
01000011
12001111
20002222
00010212
11002212
12101221
01000101
12000020
02100021
12002112
10200222
01101212
12011222
02010022
12102222
02101112
02020221
11001121
10000120
00100121
22001202
00010122
11002122
12000011
20001212
01101122
22200221
11000201
00002221
12000101
22001022
00001220
12101212
02100012
10000111
01100202
02020212
10100221
11000021
02100102
20001122
10010222
11001112
00100112
02001201
11101222
01100022
12101122
00001211
02002202
01020222
20000202
22200212
02020122
00002212
02001021
21000210
02200220
12100202
02002022
22010221
22000110
20000022
10100212
11000012
22100220
00001121
21200222
22200122
11000102
12100022
00002122
12020222
21000120
00000201
02200211
10100122
02001012
22100211
01001202
10001221
02001102
22010212
00000021
01200221
10002222
00001112
21000111
02200121
02010220
00101222
01001022
21100221
22100121
21010222
22010122
12001202
02000002
22002221
02010211
10001212
00000012
22001220
12200221
02100210
01200212
12001022
00000102
02200112
21100212
22100112
01010221
01000110
02010121
10001122
01100220
22001211
02100120
01200122
22002212
21100122
10000202
12200212
02002220
21001221
20000220
11000210
01100211
22001121
12010221
12000110
02100111
21002222
10000022
01010212
22002122
12100220
02010112
11200222
12200122
02110222
22000201
02002211
20000211
11000120
01100121
02001210
01010122
22000021
12100211
21001212
02201222
22001112
01002221
12010212
22101222
02002121
01001220
20000121
02001120
11000111
11100221
12100121
21001122
11010222
01100112
12010122
02000200
22000012
01001211
00000210
12002221
02001111
21000202
01002212
22000102
12001220
02101221
02000020
02002112
00200222
02011222
20000112
02102222
20100222
21000022
11100212
01001121
00000120
12100112
01002122
12001211
02000011
01000201
12002212
02000101
11100122
02101212
00000111
11001221
10000220
00100221
01000021
12001121
00010222
11002222
01001112
12002122
01101222
02101122
12000201
10000211
02100202
12000021
20001222
11001212
00100212
01000012
12001112
12101222
01000102
02100022
10000121
02020222
11001122
00100122
22000210
00001221
12000012
22200222
11000202
00002222
12000102
21000220
10000112
22000120
10100222
11000022
02001202
00001212
21000211
02200221
22000111
02001022
22100221
22010222
00001122
21000121
00000202
02200212
22100212
01000210
02010221
02000110
10001222
00000022
02100220
01200222
21000112
02200122
21100222
22100122
01000120
22001221
12000210
02100211
22002222
02010212
12200222
01000111
11000220
01100221
12000120
02100121
01010222
02010122
22001212
02002221
20000221
02001220
11000211
12000111
12100221
21001222
01100212
22001122
12010222
02100112
11000121
02001211
22000202
02002212
20000212
01100122
22000022
01001221
00000220
12100212
02001121
01002222
02002122
20000122
11000112
02000201
11100222
12100122
00000211
12001221
02000021
01001212
12002222
02001112
02101222
00000121
01001122
12001212
02000012
01000202
10000221
02000102
00000112
11001222
00100222
01000022
12001122
12000202
10000212
22000220
12000022
10000122
22000211
00001222
21000221
22000121
02000210
21000212
02200222
22000112
22100222
01000220
02000120
21000122
01000211
02000111
12000220
02100221
02010222
01000121
12000211
22001222
02100212
11000221
12000121
01000112
01100222
02100122
02001221
02002222
20000222
11000212
12000112
12100222
11000122
02001212
00000221
01001222
02001122
02000202
00000212
12001222
02000022
00000122
10000222
22000221
22000212
02000220
21000222
22000122
02000211
01000221
02000121
12000221
01000212
02000112
02100222
01000122
12000212
11000222
12000122
02001222
00000222
22000222
02000221
02000212
01000222
02000122
12000222
02000222