20222221
20222021
20022221
22222221
20122221
20022021
20202221
20220221
22222021
20122021
20222222
22022221
20202021
20222201
20220021
20002221
20222022
22122221
20020221
22022021
20022222
20222001
22202221
20102221
20002021
22220221
20120221
20022201
22122021
22222222
20020021
20122222
20222220
20200221
20022022
22202021
20102021
20202222
22222201
20122201
22220021
20120021
20022001
22002221
20220222
22222022
20202201
20122022
20222020
22020221
20200021
00222221
20220201
22022222
20202022
22222001
20122001
22102221
20022220
20222202
20000221
22002021
20220022
22120221
20002222
22022201
20202001
22020021
22122222
00222021
22222220
20020222
20122220
20220001
22200221
22022022
20100221
20002201
22102021
20022020
20222002
22202222
20000021
20102222
22122201
00022221
20202220
20020201
22120021
20002022
22022001
22220222
20120222
20022202
20220220
22202201
22122022
22222020
10222221
20102201
20020022
20122020
22200021
02222221
20100021
00122221
20002001
20200222
22220201
22202022
20120201
20102022
22122001
00022021
22022220
20202020
22222202
20020001
20222121
22000221
20122202
00202221
20222200
22220022
21222221
20200201
20120022
20022002
20220020
22002222
22202001
10222021
20102001
20002220
00220221
20202202
02222021
00122021
22020222
22122220
20200022
22220001
00222222
20120001
22100221
20020220
22002201
20220202
22022020
22222002
10022221
22000021
20122002
22102222
02022221
00202021
20222000
22202220
20000222
22020201
20102220
21222021
20200001
00222201
22002022
22120222
20002020
00220021
22022202
22220220
20202002
20022121
20120220
12222221
22102201
00002221
20022200
22020022
22122020
10122221
00222022
21022221
20000201
22100021
20020020
02122221
22002001
20220002
22200222
10022021
20100222
22120201
00020221
20002202
20200220
22102022
02022021
22202020
10202221
20000022
22020001
22222121
20102020
22122202
00022222
00222001
02202221
22222200
20122121
20020202
00102221
20122200
22200201
22120022
22022002
22220020
21122221
10220221
20100201
20120020
12222021
22102001
00002021
20022000
22002220
02220221
22202202
10122021
21022021
00120221
20000001
20202121
10222222
20102202
00022201
20202200
02122021
22200022
02222222
21202221
20100022
22120001
00020021
22020220
00122222
20002002
20200020
20221221
22220202
00222220
12022221
20220121
20120202
10202021
00200221
20220200
22122002
20212221
00022022
02202021
22222000
21220221
10222201
20020002
00102021
20222122
22000222
20122000
22102220
22200001
00202222
02222201
21122021
10220021
20100001
20000220
00122201
21222222
20200202
22002020
02220021
22202002
10002221
22022121
00120021
22120220
10222022
20102002
00022001
02002221
22022200
00220222
20202000
12122221
02222022
20222101
22000201
21202021
00202201
22020020
00122022
20221021
22220002
10020221
00222020
21222201
12022021
20120002
22100222
02020221
00200021
20220000
22002202
22200220
20222211
20212021
20002121
10022222
20100220
21220021
10222001
12202221
20002200
00220201
22000022
22102020
02022222
10102221
00202022
02222001
21002221
22122121
20000020
20021221
00122001
22020202
02102221
22122200
21222022
20200002
00022220
00222202
20020121
10002021
12220221
22100201
00000221
20020200
22120020
20012221
10120221
02002021
22022000
00220022
21020221
10022201
12122021
20022122
02120221
22000001
22202121
12222222
22102202
00002222
02022201
00202001
22202200
10020021
20102121
10122222
21022222
20000202
10222220
20102200
21222001
22100022
02020021
02122222
22002002
22200020
22221221
20222011
21102221
10200221
02222220
10022022
22220121
20100020
20121221
22120202
12202021
00020222
00122220
20002000
00220001
02200221
22220200
20120121
22212221
02022022
10102021
20022101
21002021
00100221
20120200
10202222
12222201
00002201
20112221
20021021
22020002
02102021
22222122
22122000
00022020
21120221
10122201
00222002
02202222
21022201
20122122
12220021
22100001
00000021
20020000
20222120
22000220
00102222
02122201
20022211
20201221
22200202
20012021
00202220
10120021
21020021
10022001
12002221
20200121
21122222
10220222
20100202
00020201
21222220
20200200
02120021
12222022
22102002
00002022
02022001
02220222
22202000
21200221
10202201
10122022
21022022
00120222
20000002
10222020
20202122
22222101
20102000
00022202
00220220
02202201
02122022
22221021
12020221
20122101
21102021
10200021
02222020
00102201
21202222
20121021
22120002
20210221
00020022
00122020
02200021
22220000
20221222
22222211
21122201
10220201
22212021
22002121
00100021
12022222
20220122
20120000
22100220
10202022
12222001
20122211
00002001
20112021
22002200
00200222
02220201