02220000
02200000
02020000
02000000
00220000
00200000
00020000
00000000
01220000
02220200
01200000
02200200
01020000
02020200
01000000
02000200
00220200
00200200
02120000
00020200
02210000
02100000
00000200
02010000
00120000
00210000
00100000
00010000
02220100
01220200
02200100
01200200
02020100
01020200
02000100
00220100
01000200
00200100
00020100
01120000
02120200
00000100
01210000
02210200
01100000
02100200
01010000
02010200
00120200
00210200
00100200
02110000
00010200
01220100
01200100
01020100
00110000
01000100
02120100
01120200
02210100
02100100
01210200
01100200
02010100
00120100
01010200
00210100
00100100
00010100
01110000
02110200
00110200
01120100
01210100
01100100
01010100
22220000
22200000
02220020
02110100
22020000
01110200
02200020
22000000
02220010
12220000
02020020
20220000
02200010
12200000
02000020
20200000
00220020
00110100
02020010
12020000
20020000
00200020
02000010
12000000
20000000
00220010
10220000
00020020
00200010
10200000
00000020
00020010
10020000
00000010
10000000
21220000
22220200
21200000
22200200
01220020
02220220
01110100
21020000
22020200
01200020
02200220
21000000
22000200
01220010
02220210
11220000
12220200
01020020
02020220
20220200
01200010
02200210
11200000
12200200
01000020
02000220
20200200
22120000
01020010
02020210
11020000
12020200
20020200
22210000
00200220
22100000
01000010
02000210
11000000
02120020
12000200
20000200
10220200
02210020
02100020
00200210
10200200
22010000
02120010
12120000
20120000
10020200
02210010
12210000
02010020
02100010
12100000
20210000
20100000
00000210
00120020
10000200
00210020
00100020
02010010
12010000
20010000
00120010
10120000
22220100
00210010
10210000
00010020
00100010
21220200
10100000
22200100
02220120
21200200
22020100
02200120
00010010
10010000
21020200
22000100
01200220
02220110
12220100
02020120
20220100
21000200
11220200
02200110
12200100
02000120
20200100
00220120
01200210
11200200
01000220
02020110
12020100
20020100
21120000
22120200
00200120
11020200
02000110
12000100
20000100
21210000
22210200
00220110
10220100
21100000
22100200
01000210
01120020
11000200
02120220
00200110
10200100
00000120
01210020
02210220
01100020
02100220
21010000
22010200
00020110
10020100
01120010
02120210
11120000
12120200
20120200
00000110
10000100
01210010
02210210
11210000
12210200
01010020
02010220
01100010
02100210
11100000
12100200
20210200
20100200
00210220
22110000
00100220
01010010
02010210
11010000
12010200
20010200
10120200
21220100
02110020
00210210
10210200
00100210
10100200
21200100
01220120
21020100
02110010
12110000
20110000
01200120
00010210
10010200
21000100
01220110
11220100
01020120
00110020
01200110
11200100
01000120
22120100
01020110
11020100
00110010
10110000
21120200
22210100
22100100
01000110
11000100
02120120
21210200
21100200
02210120
02100120
22010100
01210220
01100220
02120110
12120100
20120100
21010200
01120210
11120200
02210110
12210100
02010120
02100110
12100100
20210100
20100100
00120120
01210210
11210200
01010220
01100210
11100200
00210120
00100120
02010110
12010100
20010100
21110000
22110200
00120110
10120100
01010210
11010200
00210110
10210100
00010120
00100110
10100100
01110020
02110220
00010110
10010100
01110010
02110210
11110000
12110200
20110200
00110220
21120100
00110210
10110200
21210100
21100100
01120120
01210120
01100120
21010100
01120110
11120100
01210110
11210100
01010120
01100110
11100100
22220020
22110100
01010110
11010100
21110200
22200020
02110120
22220010
22020020
01110220
22200010
22000020
12220020
20220020
02110110
12110100
20110100
22020010
01110210
11110200
12200020
20200020
22000010
00110120
12220010
12020020
20220010
20020020
12200010
12000020
20200010
20000020
10220020
00110110
10110100
12020010
20020010
10200020
12000010
20000010
10220010
10020020
10200010
10000020
10020010
10000010
21220020
22220220
21110100
21200020
22200220
01110120
21220010
22220210
21020020
22020220
21200010
22200210
21000020
22000220
11220020
12220220
01110110
11110100
21020010
22020210
11200020
12200220
20200220
21000010
22000210
22120020
11220010
12220210
11020020
12020220
22210020
22100020
11200010
12200210
11000020
12000220
20200210
20000220
22120010
11020010
12020210
22210010
10200220
22010020
22100010
11000010
12000210
12120020
20000210
20120020
10220210
12210020
12100020
20210020
20100020
10200210
22010010
10000220
12120010
20120010
12210010
12010020
12100010
20210010
20010020
20100010
10000210
10120020
22220120
10210020
10100020
22200120
12010010
20010010
10120010
21200220
22220110
22020120
10210010
10010020
21220210
10100010
22200110
22000120
12220120
20220120
21200210
21000220
22020110
11220220
12200120
20200120
10010010
21020210
22000110
11200220
12220110
12020120
20220110
20020120
21000210
21120020
22120220
11220210
12200110
12000120
20200110
20000120
21210020
22210220
10220120
21100020
22100220
11200210
11000220
12020110
20020110
21120010
22120210
10200120
11020210
12000110
20000110
21210010
22210210
21010020
22010220
10220110
21100010
22100210
10020120
11000210
11120020
12120220
10200110
10000120
11210020
12210220
11100020
12100220
20210220
20100220
21010010
22010210
10020110
11120010
12120210
20120210
22110020
10000110
11210010
12210210
11010020
12010220
11100010
12100210
20210210
20010220
20100210
21220120
10210220
22110010
10100220
21200120
11010010
12010210
20010210
10120210
21220110
21020120
12110020
20110020
10210210
10010220
10100210
21200110
21000120
11220120
21020110
12110010
20110010
11200120
10010210
21000110
22120120
11220110
11020120
10110020
21120220
22210120
22100120
11200110
11000120
21210220
21100220
22120110
11020110
10110010
21120210
22210110
22010120
22100110
11000110
12120120
20120120
21210210
21010220
21100210
11120220
12210120
12100120
20210120
20100120
22010110
11210220
11100220
12120110
20120110
21010210
11120210
12210110
12010120
12100110
20210110
20010120
20100110
21110020
22110220
10120120
11210210
11010220
11100210
10210120
10100120
12010110
20010110
21110010
22110210
10120110
11010210
10210110
10010120
10100110
11110020
12110220
20110220
10010110
11110010
12110210
20110210
21120120
10110220
21210120
21100120
21120110
10110210
21210110
21010120
21100110
11120120
11210120
11100120
21010110
11120110
22110120
11210110
11010120
11100110
21110220
22110110
11010110
21110210
12110120
20110120
11110220
12110110
20110110
11110210
10110120
10110110
21110120
21110110
11110120
11110110
02221000
02201000
02021000
02001000
00201000
02202000
00001000
02002000
02220002
01221000
02200002
01201000
02020002
02000002
00220002
01001000
00200002
02220001
02121000
01202000
02200001
02211000
02101000
00000002
02020001
02000001
02011000
00220001
02122000
00200001
00211000
00101000
02212000
00020001
02102000
00000001
00011000
02012000
01220002
02201100
01200002
02200202
01020002
02001100
01000002
02120002
01220001
02220201
01121000
02210002
02100002
01200001
02200201
01211000
01101000
01020001
02010002
01000001
02000201
01011000
00120002
00210002
00100002
02120001
01212000
01102000
02210001
02100001
02111000
00010002
02220102
02200102
02010001
00120001
00210001
00100001
00111000
02000102
02112000
00010001
02220101
01120002
02200101
02211100
02101100
01210002
02210202
01100002
02100202
01200201
02020101
02000101
02011100
01010002
01000201
00200101
01120001
02120201
02110002
00000101
01210001
02210201
01100001
02100201
01111000
02111200
01200102
01010001
02010201
00110002
00100201
01000102
01112000
02110001
02120102
01220101
02210102
02100102
01200101
01101100
01020101
00110001
02010102
01000101
00100102
22221000
02120101
22201000
02210101
02100101
02111100
01110002
02110202
22021000
01210201
01100201
02201020
22001000
02221010
02010101
12221000
20221000
00120101
01010201
22222000
02201010
12201000
02001020
20201000
00210101
00100101
22202000
12021000
02001010
12001000
20001000
00010101
10221000
01110001
02110201
22002000
12222000
10201000
02202010
12202000
10021000
01210102
01100102
12022000
10001000
12002000
00110201
01010102
10202000
22220002
21221000
01120101
22200002
02220022
21201000
22201200
02110102
10002000
01210101
01100101
22020002
01111100
02200022
21021000
22000002
02220012
12220002
20220002
21001000
01010101
11221000
02200012
12200002
02000022
20200002
01201010
11201000
12201200
00110102
22220001
02020012
12020002
22121000
20020002
21202000
11021000
22200001
02000012
22211000
12000002
22101000
20000002
02220021
02110101
01001010
10220002
11001000
12001200
22020001
01110201
02200021
21002000
02211020
00200012
10200002
02101020
22000001
22011000
02220011
12220001
02020021
20220001
02121010
12121000
10020002
20121000
11202000
02200011
12200001
02000021
02211010
22122000
12211000
20200001
02011020
02101010
12101000
00000012
20211000
10000002
20101000
00110101
02020011
12020001
22212000
20020001
22102000
11002000
00200021
02000011
12000001
02011010
12011000
20000001
20011000
00220011
10220001
10121000
22221100
22012000
21220002
12122000
00200011
10200001
00000021
10211000
00101010
10101000
22201100
21200002
22200202
02212010
12212000
00020011
02102010
10020001
12102000
20212000
20102000
01110102
21020002
00000011
10000001
10011000
01200022
22001100
12221100
21000002
22000202
12012000
11220002
12201100
01200012
11200002
12200202
10212000
10102000
22120002
12021100
21220001
22220201
11020002
21121000
22210002
22100002
12001100
21200001
22200201
01000012
21211000
22211200
11000002
02120022
12000202
21101000
22101200
01220021
10012000
01110101
21020001
22020201
02210022
02100022
10201100
01200021
01101020
22010002
21000001
12202100
22000201
02120012
12120002
21011000
20120002
01220011
11220001
12220201
01020021
11121000
02210012
12210002
02010022
02100012
12100002
20210002
20100002
01200011
02200211
11200001
12200201
01000021
01211010
11211000
12211200
20200201
01101010
11101000
12101200
22120001
01020011
11020001
12020201
21212000
21102000
22210001
22100001
02010012
12010002
22111000
20010002
01000011
02000211
11000001
02120021
12000201
01011010
11011000
12011200
10120002
22220102
02210021
21012000
02100021
00210012
10210002
02111020
00100012
10100002
10200201
22200102
22010001
02120011
21201100
12120001
20120001
11212000
11102000
22020102
02210011
12210001
02010021
02100011
12100001
20210001
02111010
12111000
20100001
00010012
10010002
20111000
00120021
10000201
22000102
12220102
21001100
22112000
11012000
00210021
00100021
02200112
12200102
02010011
12010001
20200102
20010001
11201100
00120011
10120001
22220101
12020102
22121100
21120002
00210011
10210001
00010021
00100011
10100001
00111010
10111000
22200101
22211100
12000102
22101100
02220121
21022100
21210002
22210202
00220112
01001110
10220102
21100002
11001100
02121120
22100202
02112010
12112000
00020122
20112000
21200201
01202120
01000212
21211200
01120022
11000202
02120222
22020101
21101200
00012210
01220221
10012200
02200121
01121220
21002100
02211120
00200112
10200102
02101120
00010011
10010001
00000122
01222110
11222100
21020201
01022120
01210022
02210222
01100022
02100222
22000101
22011100
00112020
01200221
02220111
12220101
01211220
02020121
01101220
20220101
21010002
22010202
02121110
12121100
00020112
10020102
20121100
01202110
11202100
21000201
01002120
01120012
02120212
11120002
12120202
21011200
20120202
01220211
11220201
01020221
02200111
12200101
01121210
11121200
02000121
02211110
22122100
12211100
20200101
02011120
02101110
12101100
00000112
20211100
10000102
20101100
01022110
01210012
11022100
02210212
11210002
12210202
00220121
01010022
02010222
01100012
02100212
11100002
12100202
20210202
00121120
20100202
00112010
01200211
10112000
11200201
01000221
01211210
21122200
11211200
02020111
12020101
01011220
22212100
01101210
11101200
00120222
20020101
22102100
21120001
22120201
01002110
11002100
02122120
00200121
00211120
01020211
11020201
00101120
21212200
21102200
02000111
12000101
00210222
02011110
22110002
00100222
12011100
20000101
20011100
01122220
21210001
22210201
02212120
00220111
10220101
21100001
01010012
22100201
02010212
11010002
12010202
00020121
02102120
21111000
22111200
20010202
00121110
10121100
01000211
01120021
11000201
02120221
01011210
11011200
22012100
00120212
10120202
01212220
21220102
01102220
02122110
12122100
00200111
10200101
02110022
00000121
00211110
20122100
10211100
00011120
01210021
02210221
00101110
10101100
01100021
21012200
02100221
00210212
10210202
01111020
02111220
00010222
00100212
10100202
01122210
11122200
21200102
02212110
21010001
12212100
22010201
02012120
00020111
02102110
10020101
12102100
20212100
20102100
01220122
01120011
02120211
11120001
12120201
20120201
00122120
01212210
11212200
01012220
01102210
11102200
21020102
02110012
12110002
00000111
10000101
00011110
20110002
10011100
01210011
02210211
11210001
12210201
01200122
01010021
02010221
01100011
02100211
11100001
12100201
20210201
00212120
01111010
02111210
11111000
12111200
20100201
00010212
10010202
00102120
20111200
00120221
21000102
02012110
12012100
20012100
01220112
11220102
01020122
21112000
22112200
00122110
10122100
00110022
01012210
11012200
00210221
22110001
00100221
00111220
01200112
11200102
01010011
02010211
11010001
12010201
01000122
00212110
10212100
20010201
00012120
00102110
10102100
01112020
02112220
00120211
10120201
22120102
21220101
01020112
11020102
02110021
21121100
00110012
10110002
21120202
00210211
10210201
22210102
00010221
00100211
10100201
22100102
00111210
10111200
21200101
01000112
21211100
11000102
02120122
21101100
00012110
01220121
10012100
21210202
01121120
21100202
01112010
02112210
11112000
12112200
20112200
01120222
21020101
02210122
02110011
12110001
02100122
20110001
01200121
01211120
01101120
00010211
10010201
22010102
01210222
01100222
21000101
02120112
12120102
21011100
00112220
20120102
01220111
11220101
01020121
21010202
01121110
11121100
00110021
01120212
11120202
02210112
12210102
02010122
02100112
12100102
20210102
20100102
01200111
11200101
01000121
01211110
21122100
11211100
01011120
01101110
11101100
00120122
01210212
11210202
01010222
01100212
11100202
22120101
00112210
10112200
01020111
11020101
21212100
21102100
00210122
00110011
10110001
00100122
21120201
01122120
22210101
22221020
22100101
02010112
12010102
22111100
20010102
01000111
11000101
02120121
01011110
21110002
11011100
22110202
00120112
10120102
21210201
01212120
21100201
01010212
11010202
01102120
21111200
22201020
01120221
02210121
21012100
02100121
00210112
10210102
02111120
00010122
00100112
10100102
01122110
11122100
01110022
22221010
02110222
22010101
22021020
01210221
01100221
02120111
12120101
01111220
20120101
01212110
11212100
21010201
01012120
01102110
11102100
22201010
22001020
01120211
11120201
02210111
12210101
02010121
12221020
02100111
12100101
20210101
20221020
02111110
12111100
20100101
00010112
10010102
20111100
01110012
02110212
11110002
12110202
00120121
22021010
20110202
01210211
11210201
01010221
01100211
11100201
22222020
01111210
11111200
12201020
22112100
20201020
01012110
11012100
00210121
00100121
22001010
00111120
21112200
22202020
02010111
12221010
12010101
12021020
20221010
00110222
20010101
20021020
21110001
22110201
02112120
00120111
10120101
01010211
11010201
22222010
22022020
12201010
12001020
20201010
20001020
01112220
21120102
00210111
10210101
00010121
10221020
00100111
10100101
00111110
10111100
01110021
02110221
22202010
22002020
12021010
00110212
10110202
20021010
12222020
21210102
21100102
20222020
02112110
12112100
10201020
20112100
01120122
22022010
12001010
20001010
01112210
11112200
12202020
20202020
00010111
10221010
10010101
10021020
01210122
01110011
02110211
11110001
12110201
01100122
22002010
20110201
00112120
12222010
12022020
21010102
20222010
20022020
10201010
10001020
01120112
11120102
12202010
12002020
00110221
20202010
20002020
10021010
01210112
11210102
01010122
01100112
11100102
10222020
00112110
10112100
12022010
20022010
10001010
21120101
10202020
22220022
12002010
00110211
10110201
22110102
20002010
21210101
21221020
22221220
21100101
01010112
11010102
10222010
21111100
10022020
01120121
21110202
22200022
21201020
22201220
02110122
10202010
10002020
01210121
01100121
22220012
22020022
01111120
21221010
01110222
22221210
21010101
21021020
22021220
10022010
01120111
11120101
22200012
22000022
12220022
21201010
22201210
20220022
21001020
22001220
02110112
12110102
10002010
20110102
01210111
11210101
01010121
11221020
12221220
01100111
11100101
22020012
20221220
01111110
11111100
01110212
11110202
12200022
21021010
22021210
20200022
21222020
22222220
11201020
12201220
21112100
22000012
20201220
00110122
22220021
12220012
12020022
22110101
20220012
21001010
22001210
22121020
20020022
21202020
22202220
01010111
11221010
12221210
11010101
11021020
12021220
20221210
20021220
21110201
22200021
01112120
12200012
22211020
12000022
20200012
22101020
20000022
21222010
22222210
21022020
22022220
11201010
12201210
02110121
10220022
11001020
12001220
20201210
20001220
00110112
10110102
22220011
22020021
12020012
10221220
22121010
20020012
01110221
21202010
22202210
21002020
22002220
11021010
12021210
10200022
20021210
11222020
12222220
22200011
20222220
01112110
11112100
22000021
22211010
12000012
10201220
22011020
22101010
20000012
12220021
21022010
22022210
20220021
02110111
12110101
10220012
11001010
12001210
12121020
10020022
20110101
20001210
20121020
11202020
12202220
22020011
20202220
10221210
10021220
01110211
11110201
12200021
21002010
22002210
22122020
12211020
20200021
10200012
12101020
20211020
10000022
11222010
12222210
20101020
11022020
12022220
20222210
22000011
20022220
10201210
00110121
22011010
10001220
12220011
12020021
22212020
20220011
20020021
22102020
12121010
10020012
20121010
11202010
12202210
11002020
12002220
20202210
20002220
10021210
12200011
10222220
12000021
22122010
12211010
20200011
12011020
20000021
12101010
20211010
10000012
20011020
20101010
11022010
12022210
10220021
20022210
00110111
10110101
10001210
10121020
12020011
22221120
22212010
10202220
22012020
20020011
22102010
21220022
22220222
11002010
12002210
12122020
21110102
10200021
20002210
20122020
10211020
21221220
10101020
10222210
12000011
10022220
22201120
12011010
20000011
20011010
21200022
22200222
12212020
10220011
10020021
12102020
20212020
20102020
10121010
21201220
01110122
22221110
10202210
22021120
22012010
10002220
21220012
22220212
21020022
22020222
12122010
10200011
10000021
20122010
10211010
10011020
21221210
10101010
21021220
10022210
22201110
22001120
21200012
22200212
12221120
12212010
21000022
22000222
12012020
10020011
12102010
20221120
20212010
20012020
20102010
11220022
12220222
21201210
20220222
21001220
01110112
11110102
22021110
10002210
10122020
11221220
22222120
21020012
22020212
12201120
10000011
20201120
10011010
11200022
12200222
21021210
20200222
10212020
22001110
21222220
10102020
11201220
22202120
12221110
21000012
22000212
22120022
12021120
12012010
20221110
20021120
20012010
21220021
22220221
11220012
12220212
11020022
12020222
21110101
20220212
21001210
21121020
22121220
20020222
10122010
21202220
11221210
22222110
11021220
22022120
22210022
12201110
22100022
12001120
20201110
20001120
21200021
22200221
11200012
12200212
21211020
22211220
11000022
12000222
20200212
10221120
21101020
10212010
22101220
20000222
10012020
21222210
10102010
21022220
11201210
01110121
10220222
22202110
11001220
22002120
22120012
12021110
20021110
21220011
22220211
21020021
12222120
22020221
11020012
12020212
20222120
21121010
22121210
20020212
10201120
21202210
21002220
11021210
22022110
22210012
10200222
22010022
22100012
12001110
11222220
20001110
21200011
22200211
21000021
12202120
22000221
21211010
22211210
11000012
12000212
12120022
21011020
22011220
20202120
10221110
21101010
22101210
20000212
20120022
10021120
10012010
11220021
12220221
21022210
20220221
01110111
11110101
10220212
11001210
11121020
12121220
10020222
22002110
20121220
11202220
21020011
12222110
22020211
12022120
12210022
20222110
12100022
20022120
20210022
10201110
20100022
10001120
11200021
12200221
21002210
21122020
11211020
22122220
12211220
20200221
10200212
11101020
12101220
22010012
20211220
10000222
11222210
20101220
11022220
21000011
12202110
22000211
22120021
12002120
12120012
21011010
22011210
20202110
20002120
20120012
10021110
11220011
12220211
11020021
12020221
21212020
22212220
20220211
10222120
21102020
20020221
22102220
11121010
12121210
10020212
20121210
11202210
11002220
22210021
12022110
12210012
22100021
12010022
12100012
20022110
20210012
22111020
20010022
20100012
10001110
11200011
12200211
11000021
12000221
21122010
11211010
22122210
12211210
20200211
11011020
12011220
10202120
20000221
11101010
12101210
20211210
10000212
10120022
20011220
20101210
11022210
10220221
22220122
22120011
12002110
10121220
20002110
11020011
12020211
21221120
21212010
22212210
21012020
22012220
10222110
21102010
20020211
22102210
10022120
10210022
21220222
10100022
11002210
11122020
12122220
22210011
10200221
22200122
22010021
22100011
20122220
12010012
10211220
22111010
10101220
20010012
11000011
12000211
21201120
12120021
11011010
12011210
10202110
20000211
20120021
10002120
10120012
20011210
21200222
11212020
12212220
10220211
22220112
11102020
10020221
12102220
22020122
20212220
20102220
10121210
21221110
12210021
21021120
21012010
22012210
12100021
20210021
10022110
10210012
12111020
20100021
10010022
21220212
10100012
20111020
21020222
11122010
12122210
10200211
22200112
22010011
10000221
22000122
20122210
10211210
10011220
10101210
12220122
21201110
12120011
20220122
21001120
22112020
20120011
10002110
21200212
11221120
11212010
12212210
21000222
11012020
12012220
11102010
10020211
12102210
22020112
20212210
20012220
20102210
11220222
12210011
12200122
21021110
12010021
12100011
10122220
20210011
20200122
20010021
12111010
20100011
10010012
21222120
20111010
21020212
11201120
10000211
22000112
10120021
10011210
11200222
22220121
12220112
12020122
10212220
20220112
21001110
22121120
22112010
10102220
20020122
21202120
11221110
21000212
21120022
11021120
22120222
11012010
12012210
10210021
20012210
21220221
10100021
11220212
10111020
11020222
22200121
21121220
12200112
12010011
22211120
12000122
10122210
20200112
22101120
20010011
20000122
21222110
21022120
21210022
22210222
11201110
10220122
21100022
11001120
22100222
12112020
10120011
20112020
21200221
11200212
22220111
21211220
11000222
22020121
12020112
21101220
10212210
10012220
22121110
10102210
20020112
21202110
21002120
21120012
11021110
22120212
10210011
10200122
10010021
21220211
10100011
11222120
21020221
10111010
11020212
22200111
21121210
22000121
22211110
12000112
22011120
22101110
20000112
12220121
21022110
21210012
22210212
20220121
21010022
22010222
10220112
21100012
11001110
22100212
12121120
12112010
10020122
20121120
20112010
21200211
11202120
21000221
21211210
11000212
11120022
22020111
12120222
21011220
21101210
20120222
10012210
11220221
12200121
11121220
21002110
22122120
12211120
20200121
10200112
12101120
10010011
20211120
10000122
11222110
21020211
20101120
11022120
11210022
12210222
11100022
22000111
12100222
20210222
22011110
20100222
10112020
11200221
12220111
21122220
11211220
12020121
22212120
20220111
11101220
21010012
22010212
20020121
22102120
12121110
10020112
20121110
11202110
21000211
21120021
22120221
11002120
11120012
12120212
21011210
20120212
11220211
11020221
21212220
12200111
21102220
11121210
12000121
22122110
12211110
20200111
22110022
12011120
20000121
12101110
20211110
10000112
20011120
21210021
22210221
20101110
11022110
11210012
12210212
10220121
21100021
22100221
11010022
12010222
11100012
12100212
20210212
21111020
22111220
20010222
20100212
10121120
10112010
11200211
11000221
21122210
11211210
12020111
22212110
11011220
11101210
22012120
20020111
10120222
22102110
21220122
21120011
22120211
11002110
12122120
10200121
20122120
10211120
11020211
10101120
21212210
21012220
21102210
12000111
10210222
22110012
12011110
20000111
10100222
20011110
11122220
21210011
22210211
21200122
21010021
12212120
22010221
10220111
21100011
22100211
11010012
12010212
10020121
12102120
20212120
21111010
22111210
20010212
20102120
10121110
11000211
11120021
12120221
11011210
20120221
22012110
10120212
11212220
21220112
11102220
21020122
12122110
10200111
12110022
10000121
20122110
10211110
20110022
10011120
11210021
12210221
10101110
21012210
11100021
12100221
20210221
10210212
11111020
12111220
20100221
10010222
10100212
20111220
11122210
21200112
21010011
12212110
22010211
21000122
12012120
10020111
12102110
20212110
20012120
20102110
11220122
11120011
12120211
21112020
22112220
20120211
10122120
11212210
11012220
11102210
21020112
22110021
12110012
10000111
20110012
10011110
11210011
12210211
11200122
11010021
12010221
11100011
12100211
20210211
10212120
20010221
11111010
12111210
20100211
10010212
10102120
20111210
21000112
10120221
22120122
12012110
20012110
21220121
11220112
11020122
21121120
21112010
22112210
10122110
10110022
21120222
11012210
10210221
22210122
22110011
10100221
22100122
10111220
21200121
11200112
11010011
12010211
21211120
11000122
21101120
10212110
20010211
10012120
10102110
21210222
21100222
11112020
12112220
10120211
22120112
20112220
21220111
21020121
11020112
21121110
12110021
20110021
10110012
21120212
10210211
22210112
10010221
22010122
10100211
22100112
10111210
21200111
21000121
21211110
11000112
12120122
21011120
21101110
20120122
10012110
11220121
21210212
21010222
21100212
11121120
11112010
12112210
20112210
21020111
11120222
12210122
12110011
12100122
20210122
20110011
20100122
11200121
21122120
11211120
11101120
10010211
22010112
11210222
21000111
11100222
22120121
12120112
21011110
10112220
20120112
11220111
11020121
21212120
21010212
21102120
11121110
10110021
21120221
11120212
22210121
12210112
22100121
12010122
12100112
20210112
22111120
20010122
20100112
11200111
11000121
21122110
11211110
21110022
11011120
22110222
11101110
10120122
21210221
11210212
21100221
11010222
11100212
22120111
21111220
10112210
11020111
21212110
21012120
21102110
10210122
10110011
10100122
21120211
11122120
22210111
22010121
22100111
12010112
22111110
20010112
11000111
12120121
21110012
11011110
22110212
20120121
10120112
21210211
11212120
21010221
21100211
11010212
11102120
21111210
11120221
12210121
21012110
12100121
20210121
10210112
12111120
20100121
10010122
10100112
20111120
11122110
11110022
22010111
12110222
20110222
11210221
11100221
12120111
11111220
22112120
20120111
11212110
21010211
11012120
11102110
11120211
12210111
21112220
12010121
12100111
20210111
20010121
12111110
20100111
10010112
20111110
21110021
22110221
11110012
12110212
10120121
20110212
11210211
11010221
11100211
11111210
22112110
21120122
11012110
10210121
10100121
10111120
21112210
12010111
20010111
10110222
21210122
21110011
22110211
21100122
12112120
10120111
20112120
11010211
11112220
21120112
10210111
10010121
10100111
10111110
11110021
12110221
20110221
10110212
21210112
21010122
21100112
12112110
20112110
11120122
11112210
10010111
11210122
11110011
12110211
11100122
20110211
10112120
21010112
21120121
11120112
10110221
22110122
21210121
11210112
21100121
11010122
11100112
21111120
10112110
21110222
21120111
10110211
22110112
21210111
21010121
21100111
11010112
21111110
11120121
21110212
12110122
20110122
11210121
11100121
11111120
21010111
11110222
11120111
21112120
22110121
12110112
20110112
11210111
11010121
11100111
11111110
21110221
11110212
21112110
10110122
22110111
11010111
21110211
11112120
12110121
20110121
10110112
11110221
11112110
12110111
20110111
11110211
10110121
21110122
10110111
21110112
11110122
21110121
11110112
21110111
11110121
11110111
02221002
02201002
02021002
02001002
00221002
02222002
00201002
02221001
02202002
00021002
02201001
02022002
00001002
02021001
02002002
00222002
02001001
00221001
00202002
02222001
00201001
00022002
02202001
00021001
00002002
02022001
00001001
02002001
01221002
02221202
00222001
01201002
02201202
00202001
01021002
02021202
00022001
01001002
02001202
00002001
00221202
01222002
02222202
00201202
02121002
01221001
02221201
01202002
02202202
00021202
02211002
02101002
01201001
01022002
02201201
02022202
00001202
01021001
02021201
01002002
02002202
00222202
02011002
01001001
02001201
00121002
00221201
00202202
02122002
00211002
01222001
02222201
00101002
00201201
00022202
02212002
02121001
02102002
01202001
02202201
00021201
00002202
02211001
02101001
00011002
01022001
02022201
00001201
02221102
02012002
01002001
02002201
00122002
01221202
00222201
02201102
02011001
00212002
00121001
00102002
01201202
00202201
02021102
02122001
00211001
00101001
01021202
00022201
02001102
02212001
02102001
00221102
00012002
01001202
00002201
02222102
00201102
00011001
01222202
02221101
02202102
02012001
00021102
01121002
02121202
00122001
01221201
01202202
02201101
02022102
00001102
01211002
02211202
00212001
01101002
02101202
00102001
01201201
01022202
02021101
02002102
00222102
01021201
01002202
02001101
00221101
01011002
02011202
00202102
00012001
01001201
00121202
02222101
00201101
00022102
01122002
02122202
00211202
01222201
00101202
02202101
00021101
00002102
01212002
02212202
01121001
02121201
01102002
02102202
01202201
02022101
02111002
00001101
01211001
02211201
01101001
02101201
00011202
01022201
02002101
01221102
00222101
01012002
02012202
01002201
00122202
01201102
01011001
02011201
00202101
00212202
00121201
00102202
01021102
00022101
00111002
01122001
02122201
00211201
00101201
01001102
02112002
00002101
01212001
02212201
01102001
02102201
00012202
02111001
01222102
00011201
02121102
01221101
01202102
01012001
02012201
01121202
00122201
02211102
02101102
01201101
01022102
00112002
01211202
00212201
01101202
00102201
01021101
01002102
00111001
02011102
01001101
02112001
00121102
01011202
00012201
02122102
00211102
01222101
00101102
01122202
02212102
02121101
02102102
01202101
01212202
01121201
01102202
02211101
02101101
00011102
01022101
01111002
02111202
00112001
01211201
01101201
02012102
01002101
00122102
01012202
02011101
00212102
00121101
00102102
01011201
02122101
00211101
00101101
00111202
01122201
02212101
02102101
00012102
01112002
02112202
01212201
01102201
00011101
01111001
02111201
02012101
01121102
00122101
01012201
01211102
00212101
01101102
00102101
00112202
00111201
01011102
00012101
01112001
02112201
01122102
22221002
01212102
01121101
01102102
22201002
02221022
02111102
01211101
01101101
22021002
01111202
02201022
00112201
01012102
22001002
02221012
12221002
02021022
20221002
01011101
22222002
02201012
12201002
02001022
20201002
00221022
00111102
01122101
22221001
22202002
02021012
12021002
20021002
02222022
02112102
00201022
01212101
01102101
22201001
22022002
02001012
12001002
20001002
02221021
01112202
02202022
02111101
00221012
10221002
00021022
22021001
22002002
02222012
12222002
01111201
02201021
02022022
20222002
00201012
10201002
00001022
01012101
22001001
02221011
12221001
02202012
12202002
02021021
02002022
20221001
20202002
00021012
10021002
00222022
00112102
22222001
02201011
02022012
12201001
12022002
02001021
20201001
20022002
00001012
10001002
00221021
00202022
00111101
22202001
02021011
12021001
02002012
12002002
20021001
20002002
02222021
02112101
00222012
10222002
00201021
00022022
22022001
02001011
12001001
20001001
01112201
02202021
00221011
10221001
00202012
10202002
00021021
00002022
22002001
02222011
12222001
02022021
21221002
22221202
20222001
00201011
00022012
10201001
10022002
00001021
02202011
12202001
02002021
21201002
22201202
20202001
00021011
10021001
00002012
10002002
01221022
02221222
00222021
01111102
00112101
02022011
12022001
21021002
22021202
20022001
00001011
10001001
01201022
02201222
00202021
02002011
12002001
21001002
22001202
20002001
01221012
02221212
11221002
12221202
00222011
01021022
10222001
02021222
00022021
20221202
21222002
22222202
01201012
02201212
11201002
12201202
00202011
01001022
10202001
02001222
00002021
20201202
00221222
22121002
21221001
22221201
21202002
22202202
01021012
02021212
11021002
12021202
00022011
10022001
20021202
01222022
02222222
01112102
22211002
00201222
22101002
21201001
21022002
22201201
22022202
01001012
02001212
11001002
02121022
12001202
00002011
10002001
20001202
01221021
02221221
01202022
02202222
01111101
00221212
10221202
00021222
21021001
22021201
21002002
22002202
02211022
02101022
01222012
02222212
11222002
12222202
01201021
01022022
02201221
02022222
20222202
00201212
10201202
22011002
00001222
21001001
22001201
02121012
12121002
20121002
01221011
02221211
11221001
12221201
01202012
02202212
11202002
01021021
12202202
02021221
01002022
02002222
20221201
20202202
00021212
10021202
00222222
02211012
22122002
12211002
02011022
02101012
12101002
20211002
21222001
22222201
20101002
01201011
01022012
02201211
11201001
02022212
11022002
12201201
12022202
01001021
02001221
20201201
20022202
00001212
00121022
10001202
00221221
22212002
00202222
22121001
22102002
21202001
22202201
01021011
02021211
11021001
12021201
01002012
02002212
11002002
02122022
12002202
20021201
20002202
00211022
01222021
02222221
00101022
01112101
00222212
10222202
22211001
00201221
00022222
22101001
02011012
12011002
20011002
21022001
22022201
02212022
01001011
02001211
11001001
02121021
12001201
02102022
20001201
00121012
01202021
10121002
02202221
00221211
10221201
22221102
00202212
10202202
00021221
22012002
00002222
21002001
22002201
02211021
02122012
12122002
02101021
00211012
20122002
01222011
10211002
02222211
11222001
12222201
00011022
01022021
02022221
00101012
21221202
10101002
20222201
00201211
00022212
10201201
10022202
22201102
22011001
00001221
02221122
02212012
12212002
02121011
02012022
12121001
02102012
12102002
20212002
20121001
20102002
01202011
02202211
11202001
12202201
01002021
02002221
21201202
20202201
00021211
10021201
22021102
00002212
00122022
10002202
01221222
00222221
02211011
22122001
12211001
02201122
02011021
02101011
12101001
20211001
20101001
00011012
01022011
10011002
02022211
11022001
12022201
21021202
20022201
00212022
00001211
00121021
10001201
22001102
00102022
01201222
22212001
00202221
02221112
12221102
02021122
22102001
02012012
12012002
20221102
20012002
01002011
02002211
11002001
02122021
12002201
21001202
20002201
00211021
00122012
10122002
00101021
01221212
11221202
00222211
01021222
10222201
22222102
00022221
02201112
12201102
02011011
12011001
02001122
20201102
20011001
02212021
02102021
00221122
00212012
10212002
00121011
00012022
10121001
00102012
21222202
10102002
01201212
11201202
22221101
00202211
01001222
10202201
22202102
22012001
00002221
02021112
12021102
20021102
02222122
02122011
12122001
21121002
22121202
00211011
20122001
10211001
00201122
00011021
00101011
21221201
10101001
21202202
01021212
11021202
00022211
10022201
22201101
22022102
02001112
12001102
01222222
20001102
02221121
02212011
12212001
02202122
02012021
21211002
22211202
02102011
12102001
20212001
00221112
10221102
21101002
22101202
00021122
20102001
00012012
10012002
21201201
21022202
01001212
01121022
11001202
02121222
22021101
00002211
00122021
10002201
22002102
01221221
01202222
02222112
12222102
02201121
02022122
20222102
00201112
10201102
00011011
10011001
00001122
21021201
21002202
01211022
02211222
00212021
01101022
02101222
22001101
00102021
01222212
11222202
01201221
01022222
02221111
12221101
02202112
12202102
02021121
02012011
12012001
02002122
20221101
21011002
22011202
20202102
20012001
00021112
10021102
21001201
00222122
01121012
02121212
11121002
12121202
00122011
10122001
20121202
01221211
11221201
01202212
11202202
01021221
22222101
01002222
02201111
02022112
12201101
12022102
02001121
20201101
20022102
00001112
10001102
01211012
21122002
02211212
11211002
22122202
12211202
00221121
00212011
01011022
10212001
02011222
00202122
01101012
02101212
00012021
11101002
12101202
20211202
00102011
21222201
10102001
20101202
01201211
01022212
11201201
11022202
01001221
22202101
02021111
12021101
02002112
12002102
00121222
20021101
20002102
02222121
21212002
22212202
21121001
22121201
00222112
10222102
21102002
22102202
00201121
00022122
21202201
01021211
11021201
01002212
01122022
11002202
02122222
22022101
02001111
12001101
00211222
01222221
22111002
00101222
20001101
02202121
21211001
22211201
00221111
10221101
21101001
01011012
22101201
02011212
11011002
00202112
12011202
10202102
00021121
00012011
10012001
00002122
20011202
21022201
01212022
02212222
01001211
01121021
11001201
02121221
01102022
02102222
22002101
00121212
01202221
10121202
02222111
12222101
02022121
21221102
20222101
21012002
22012202
00201111
00022112
10201101
10022102
02111022
00001121
21002201
01211021
02211221
01122012
02122212
11122002
12122202
01101021
02101221
00211212
20122202
01222211
10211202
11222201
00011222
01022221
00101212
10101202
02202111
12202101
02002121
21201102
21011001
22011201
20202101
00021111
10021101
00002112
10002102
01221122
01212012
02212212
11212002
12212202
00222121
01121011
01012022
02121211
11121001
02012222
12121201
01102012
02102212
11102002
12102202
20212202
20121201
20102202
01202211
11202201
01002221
02022111
12022101
21021102
00122222
20022101
02111012
12111002
00001111
10001101
20111002
01211011
21122001
02211211
11211001
22122201
12211201
01201122
01011021
02011221
00202121
01101011
02101211
11101001
12101201
20211201
20101201
00011212
01022211
10011202
11022201
02002111
12002101
00212222
00121221
21001102
22112002
00102222
20002101
21212001
22212201
01221112
11221102
00222111
01021122
10222101
21102001
01012012
22102201
02012212
11012002
12012202
00022121
20012202
00111022
01002211
01122021
11002201
02122221
00211221
00122212
10122202
22111001
00101221
21222102
01201112
11201102
01011011
02011211
11011001
00202111
12011201
01001122
10202101
02112022
00002121
20011201
01212021
02212221
01102021
02102221
00212212
10212202
00121211
00012222
10121201
22121102
00102212
10102202
21221101
21202102
21012001
22012201
01021112
11021102
00022111
10022101
02111021
01222122
00111012
01122011
10111002
02122211
11122001
12122201
21121202
00211211
20122201
10211201
22211102
00011221
00101211
10101201
22101102
21201101
21022102
01001112
11001102
02121122
02112012
12112002
00002111
10002101
01221121
20112002
01212011
02212211
11212001
12212201
01202122
01012021
02012221
21211202
01102011
02102211
11102001
12102201
20212201
21101202
20102201
00012212
10012202
01121222
21021101
00122221
21002102
02211122
02111011
12111001
02101122
01222112
20111001
11222102
01201121
01022122
00011211
10011201
22011102
00112022
01211222
00212221
01101222
21001101
22112001
00102221
02121112
12121102
20121102
01221111
11221101
01202112
11202102
01021121
01012011
02012211
11012001
12012201
01002122
21011202
20012201
00111021
01121212
11121202
00122211
10122201
02211112
22122102
12211102
02011122
02101112
12101102
20211102
21222101
20101102
01201111
01022112
11201101
11022102
01001121
02112021
00121122
00112012
10112002
01211212
21122202
11211202
00212211
01011222
10212201
22212102
01101212
00012221
11101202
22121101
00102211
10102201
22102102
21202101
01021111
11021101
01002112
11002102
02122122
00211122
01222121
00111011
10111001
00101122
21212202
21121201
21102202
22211101
22101101
02011112
12011102
20011102
01122222
21022101
02212122
01001111
11001101
02121121
02112011
12112001
02102122
21111002
22111202
20112001
00121112
01202121
10121102
21211201
21101201
01011212
11011202
00012211
10012201
22012102
01212222
01121221
01102222
21002101
02211121
02122112
12122102
02101121
00211112
20122102
01222111
10211102
11222101
00011122
01022121
00101112
10101102
21012202
01111022
02111222
22011101
00112021
01211221
01122212
11122202
01101221
02212112
12212102
02121111
02012122
12121101
02102112
12102102
20212102
20121101
20102102
01202111
11202101
01002121
21011201
00122122
01212212
11212202
01121211
01012222
11121201
01102212
11102202
02211111
22122101
12211101
02011121
02101111
12101101
20211101
20101101
00011112
01022111
10011102
11022101
00212122
01111012
02111212
11111002
12111202
00121121
00112011
10112001
00102122
20111202
01211211
21122201
11211201
01011221
22212101
01101211
11101201
22102101
02012112
12012102
20012102
01002111
11002101
02122121
21112002
22112202
00211121
00122112
10122102
00101121
21212201
21102201
01012212
11012202
02011111
12011101
00111222
20011101
01122221
02212121
02102121
21111001
22111201
00212112
10212102
00121111
00012122
10121101
00102112
10102102
01011211
11011201
01112022
02112222
22012101
01212221
01102221
02122111
12122101
21121102
00211111
20122101
10211101
00011121
00101111
10101101
21012201
01111021
02111221
00111212
01122211
10111202
11122201
02212111
12212101
02012121
21211102
02102111
12102101
20212101
21101102
20102101
00012112
10012102
01121122
01112012
02112212
11112002
12112202
00122121
20112202
01212211
11212201
01012221
01102211
11102201
00011111
10011101
01211122
00212121
01111011
02111211
11111001
12111201
01101122
00102121
20111201
02012111
12012101
21011102
00112222
20012101
21112001
22112201
01121112
11121102
00122111
10122101
01012211
11012201
00111221
01211112
21122102
11211102
00212111
01011122
10212101
01101112
00012121
11101102
00102111
10102101
01112021
02112221
00112212
10112202
21212102
21121101
21102102
01122122
22221022
00111211
10111201
22111102
21211101
21101101
01011112
11011102
00012111
10012101
01212122
01121121
01112011
02112211
11112001
12112201
01102122
21111202
22201022
20112201
21012102
02111122
01211121
01122112
11122102
01101121
22221012
22021022
01111222
21011101
00112221
01212112
11212102
01121111
01012122
11121101
01102112
11102102
22201012
22001022
12221022
20221022
02111112
12111102
20111102
01211111
21122101
11211101
01011121
01101111
11101101
22021012
22222022
01111212
11111202
12201022
00112211
10112201
22112102
20201022
21212101
21102101
01012112
11012102
22001012
00111122
01122121
22221021
21112202
22202022
12221012
12021022
22111101
20221012
20021022
01011111
11011101
02112122
01212121
01102121
22222012
21111201
22201021
22022022
12201012
12001022
20201012
20001022
01112222
21012101
02111121
10221022
00111112
01122111
10111102
11122101
22221011
22202012
22021021
22002022
12021012
20021012
12222022
01111221
20222022
02112112
12112102
10201022
20112102
01212111
11212101
01012121
01102111
11102101
22201011
22022012
22001021
12001012
20001012
12221021
01112212
11112202
12202022
20221021
02111111
12111101
20202022
10221012
10021022
20111101
22021011
22002012
00112122
22222021
12222012
01111211
11111201
12201021
12022022
22112101
20222012
20201021
20022022
10201012
10001022
01012111
11012101
22001011
00111121
21112201
22202021
12221011
12202012
12021021
12002022
20221011
20202012
20021021
20002022
10021012
02112121
10222022
00112112
10112102
22222011
22022021
12201011
12022012
12001021
20201011
20022012
20001021
10001012
01112221
10221021
10202022
00111111
10111101
22202011
22002021
12021011
12002012
20021011
20002012
12222021
21221022
22221222
20222021
02112111
12112101
10222012
21111102
10201021
10022022
20112101
22022011
12001011
20001011
01112211
11112201
12202021
21201022
22201222
20202021
10221011
10202012
10021021
10002022
22002011
01111122
00112121
12222011
12022021
21221012
22221212
20222011
21021022
22021222
20022021
10201011
10022012
10001021
12202011
12002021
21201012
22201212
20202011
21001022
22001222
20002021
10021011
10002012
11221022
12221222
10222021
20221222
01111112
11111102
00112111
10112101
12022011
21021012
22021212
20022011
10001011
21222022
22222222
11201022
12201222
21112102
10202021
20201222
12002011
21001012
22001212
22121022
20002011
21221021
22221221
21202022
22202222
11221012
12221212
10222011
11021022
12021222
21111101
10022021
20221212
20021222
01112122
22211022
22101022
21222012
22222212
21201021
21022022
22201221
22022222
11201012
12201212
10202011
11001022
12001222
10002021
20201212
20001222
01111121
10221222
22121012
21221011
22221211
21202012
22202212
21021021
22021221
21002022
22002222
11021012
12021212
10022011
20021212
11222022
12222222
20222222
01112112
11112102
22211012
10201222
22011022
22101012
21201011
21022012
22201211
22022212
21001021
22001221
11001012
12001212
12121022
10002011
20001212
20121022
11221021
12221221
11202022
12202222
20221221
01111111
11111101
20202222
10221212
10021222
21021011
22021211
21002012
22002212
22122022
12211022
12101022
20211022
21222021
22222221
11222012
12222212
20101022
11201021
11022022
12201221
12022222
21112101
20222212
20201221
20022222
10201212
22011012
10001222
22212022
21001011
22001211
22121021
22102022
12121012
20121012
21202021
22202221
11221011
12221211
11202012
12202212
11021021
12021221
11002022
12002222
20221211
20202212
20021221
20002222
10021212
01112121
10222222
22211021
22122012
12211012
22101021
12011022
12101012
20211012
21222011
22222211
20011022
21022021
22022221
20101012
11201011
11022012
12201211
12022212
11001021
12001221
20201211
20022212
20001221
10001212
10121022
10221221
22221122
22212012
10202222
22121011
22012022
22102012
21202011
22202211
21002021
22002221
11021011
12021211
11002012
12002212
12122022
20021211
20002212
20122022
10211022
11222021
12222221
21221222
10101022
20222221
01112111
11112101
10222212
22211011
10201221
10022222
22201122
22011021
22101011
12011012
20011012
21022011
22022211
12212022
11001011
12001211
12121021
12102022
20212022
20001211
20121021
20102022
10121012
11202021
12202221
21201222
20202221
10221211
22221112
10202212
10021221
22021122
22012012
10002222
21002011
22002211
22122021
12211021
12122012
12101021
20211021
20122012
10211012
11222011
12222211
20101021
10011022
11022021
12022221
21221212
10101012
20222211
21021222
20022221
10201211
10022212
22201112
22011011
10001221
22001122
22212021
12221122
12212012
22102021
12121011
12012022
12102012
20221122
20212012
20121011
20012022
20102012
11202011
12202211
11002021
12002221
21201212
20202211
21001222
20002221
10021211
22021112
10002212
10122022
11221222
10222221
22222122
22122011
12211011
12201122
12011021
12101011
20211011
20201122
20011021
20101011
10011012
11022011
12022211
21021212
20022211
10212022
10001211
22001112
10121021
21222222
10102022
11201222
22221121
22212011
10202221
22202122
12221112
22012021
22102011
12021122
12012012
20221112
20021122
20012012
11002011
12002211
12122021
21001212
21121022
22121222
20002211
20122021
10211021
10122012
21221221
10101021
21202222
11221212
10222211
22222112
11021222
10022221
22201121
22022122
12201112
12011011
12001122
20201112
20011011
20001122
12212021
21211022
22211222
12102021
20212021
10221122
21101022
10212012
22101222
20102021
10121011
10012022
21222212
10102012
21201221
21022222
11201212
22221111
10202211
22202112
11001222
22021121
22012011
10002221
22002122
12021112
20021112
12222122
12122011
20222122
21121012
22121212
20122011
10211011
10201122
10011021
21221211
10101011
21202212
21021221
21002222
11021212
10022211
22201111
22022112
22001121
12001112
11222222
20001112
12221121
12212011
12202122
12012021
21211012
22211212
12102011
20221121
20212011
21011022
22011222
20202122
10221112
21101012
22101212
20012021
20102011
10021122
10012012
21201211
21022212
21001221
11001212
11121022
22021111
12121222
10002211
22002112
10122021
20121222
11221221
11202222
22222121
12222112
12201121
12022122
20222112
20201121
20022122
10201112
10011011
10001122
21021211
21002212
21122022
11211022
22122222
12211222
10212021
11101022
22001111
12101222
20211222
21222221
10102021
11222212
20101222
11201221
11022222
22202121
12221111
12202112
12021121
12012011
12002122
20221111
21011012
22011212
20202112
20021121
20012011
20002122
10021112
21212022
22212222
21001211
21121021
22121221
10222122
21102022
22102222
11121012
12121212
10122011
20121212
21202221
11221211
11202212
22222111
11021221
11002222
22022121
12201111
12022112
12001121
20201111
20022112
22111022
20001121
10001112
21211021
22211221
21122012
11211012
22122212
12211212
10221121
21101021
10212011
22101221
11011022
12011222
10202122
11101012
12101212
10012021
20211212
21222211
10102011
20011222
21022221
20101212
11201211
11022212
22202111
11001221
22002121
12021111
12002112
20021111
10121222
20002112
12222121
21221122
21212012
22212212
20222121
21121011
21012022
22121211
22012222
10222112
21102012
22102212
10201121
10022122
21202211
21002221
11021211
11002212
11122022
22022111
12122222
12001111
20122222
10211222
11222221
22111012
20001111
10101222
12202121
21211011
22211211
21201122
21011021
22011221
20202121
10221111
21101011
22101211
11011012
12011212
10202112
10021121
10012011
10002122
20011212
21022211
11212022
12212222
11001211
11121021
12121221
11102022
22002111
12102222
20212222
20121221
20102222
10121212
11202221
12222111
12022121
21221112
20222111
21021122
21012012
22012212
20022121
10201111
10022112
12111022
10001121
20111022
21002211
21122021
11211021
22122221
12211221
11122012
12122212
11101021
12101221
20211221
20122212
10211212
11222211
20101221
10011222
11022221
10101212
12202111
12002121
21201112
21011011
22011211
20202111
21001122
22112022
20002121
10021111
10002112
21212021
22212221
11221122
11212012
12212212
10222121
21102021
22102221
11121011
11012022
12121211
12012222
11102012
12102212
20212212
20121211
20012222
20102212
11202211
11002221
12022111
21021112
20022111
10122222
22111021
12111012
10001111
21222122
20111012
21122011
11211011
22122211
12211211
11201122
11011021
12011221
10202121
11101011
12101211
20211211
20011221
20101211
10011212
11022211
12002111
10212222
21001112
10121221
22121122
22112012
20002111
10102222
21221121
21212011
22212211
21202122
11221112
21012021
22012221
10222111
21102011
11021122
22102211
11012012
12012212
10022121
20012212
10111022
11002211
11122021
12122221
21121222
20122221
10211221
22211122
10122212
22111011
10101221
22101122
21222112
21201121
21022122
11201112
11011011
12011211
10202111
11001122
12112022
10002121
20011211
20112022
11212021
12212221
21211222
11102021
12102221
20212221
21101222
10212212
20102221
10121211
10012222
22121112
10102212
21221111
21202112
21021121
21012011
22012211
21002122
11021112
10022111
12111021
20111021
11222122
10111012
11122011
12122211
21121212
20122211
10211211
22211112
10011221
22011122
10101211
22101112
21201111
21022112
21001121
22112021
11001112
12121122
12112012
10002111
20121122
20112012
11221121
11212011
12212211
11202122
11012021
12012221
21211212
11102011
12102211
20212211
21011222
21101212
20012221
20102211
10012212
21021111
11121222
21002112
10122221
22122122
12211122
12111011
12101122
20211122
21222121
20111011
11222112
20101122
11201121
11022122
10011211
22011112
10112022
21122222
11211222
10212221
22212122
21001111
11101222
22121121
22112011
10102221
22102122
12121112
20121112
21202121
11221111
11202112
11021121
11012011
12012211
11002122
21011212
20012211
10111021
21212222
21121221
21102222
11121212
22211121
10122211
22122112
12211112
22101121
12011122
12101112
20211112
21222111
20011122
21022121
20101112
11201111
11022112
11001121
12112021
21111022
22111222
20112021
10121122
10112012
21211221
21122212
11211212
21101221
10212211
22212112
11011222
11101212
10012221
22121111
22012122
10102211
22102112
21202111
21002121
11021111
11002112
12122122
20122122
10211122
11222121
10111011
10101122
21212212
21121211
21012222
21102212
22211111
22011121
22101111
12011112
20011112
21022111
11122222
12212122
11001111
12121121
12112011
12102122
20212122
21111012
22111212
20121121
20112011
20102122
10121112
11202121
21211211
21011221
21101211
11011212
10012211
22012112
11212222
11121221
21002111
11102222
22122121
12211121
12122112
12101121
20211121
20122112
10211112
11222111
20101121
10011122
11022121
10101112
21012212
11111022
22011111
12111222
10112021
20111222
21122221
11211221
11122212
22212121
11101221
12212112
22102121
12121111
12012122
12102112
20212112
20121111
20012122
20102112
11202111
11002121
21011211
21112022
22112222
10122122
21212221
11212212
21102221
11121211
11012222
11102212
22122111
12211111
12011121
12101111
20211111
20011121
20101111
10011112
11022111
21111021
22111221
10212122
11111012
12111212
10121121
10112011
10102122
20111212
21122211
11211211
22212111
11011221
11101211
22012121
22102111
12012112
20012112
11002111
12122121
21121122
21112012
22112212
20122121
10211121
10122112
10101121
21212211
21012221
21102211
11012212
12011111
20011111
10111222
11122221
12212121
21211122
12102121
20212121
21111011
22111211
21101122
10212112
20102121
10121111
10012122
10102112
11011211
11112022
22012111
12112222
20112222
11212221
11102221
12122111
21121112
20122111
10211111
10011121
10101111
21012211
11111021
12111221
20111221
10111212
11122211
12212111
12012121
21211112
12102111
20212111
21011122
21101112
20012121
20102111
10012112
21112021
22112221
11121122
11112012
12112212
10122121
20112212
11212211
11012221
11102211
10011111
21122122
11211122
10212121
11111011
12111211
11101122
10102121
20111211
12012111
21011112
20012111
10112222
21212122
21121121
21112011
22112211
21102122
11121112
10122111
11012211
10111221
22111122
21211121
21122112
11211112
21101121
10212111
11011122
11101112
10012121
10102111
11112021
12112221
21111222
20112221
10112212
21212112
21121111
21012122
21102112
11122122
10111211
22111112
21211111
21011121
21101111
11011112
10012111
11212122
11121121
11112011
12112211
11102122
21111212
20112211
21012112
12111122
20111122
21122121
11211121
11122112
11101121
21011111
11111222
10112221
22112122
21212121
11212112
21102121
11121111
11012122
11102112
21112222
22111121
12111112
20111112
21122111
11211111
11011121
11101111
21111221
11111212
10112211
22112112
21212111
21012121
21102111
11012112
10111122
11122121
21112212
22111111
11011111
12112122
20112122
11212121
11102121
21111211
21012111
11112222
12111121
20111121
10111112
11122111
11111221
22112121
12112112
20112112
11212111
11012121
11102111
21112221
11112212
12111111
20111111
10112122
11111211
22112111
11012111
10111121
21112211
12112121
21111122
20112121
10112112
11112221
10111111
12112111
21111112
20112111
11112211
11111122
10112121
21112122
21111121
11111112
10112111
21112112
21111111
11112122
11111121
21112121
11112112
11111111
21112111
11112121
11112111